0 0.236328125 0.1298828125 0.2529296875 0.150390625 0.28125 0.1533203125 0.306640625 0.1318359375 0.306640625 0.1064453125 0.2861328125 0.0859375 0.2587890625 0.0859375 0.240234375 0.1025390625 0.236328125 0.1298828125
0 0.068359375 0.5537109375 0.068359375 0.5771484375 0.076171875 0.5927734375 0.0966796875 0.609375 0.12109375 0.6103515625 0.150390625 0.5908203125 0.158203125 0.5576171875 0.1376953125 0.525390625 0.1083984375 0.517578125 0.078125 0.5341796875 0.068359375 0.5537109375
0 0.1298828125 0.1328125 0.1044921875 0.130859375 0.0791015625 0.138671875 0.052734375 0.1630859375 0.04296875 0.2099609375 0.05078125 0.2333984375 0.0673828125 0.25 0.0927734375 0.26171875 0.119140625 0.2607421875 0.1494140625 0.248046875 0.1640625 0.2333984375 0.17578125 0.2041015625 0.17578125 0.1806640625 0.1533203125 0.14453125 0.1298828125 0.1328125
4 0.171875 0.4443359375 0.1826171875 0.451171875 0.220703125 0.4541015625 0.24609375 0.4248046875 0.240234375 0.3955078125 0.2294921875 0.37890625 0.1884765625 0.373046875 0.16015625 0.4091796875 0.171875 0.4443359375
4 0.419921875 0.2021484375 0.4326171875 0.21875 0.478515625 0.2177734375 0.5 0.1787109375 0.48046875 0.1416015625 0.4736328125 0.13671875 0.4267578125 0.138671875 0.408203125 0.1748046875 0.419921875 0.2021484375
4 0.296875 0.8037109375 0.3056640625 0.826171875 0.357421875 0.8427734375 0.400390625 0.8095703125 0.3984375 0.7822265625 0.3876953125 0.75 0.3408203125 0.73046875 0.294921875 0.7646484375 0.296875 0.8037109375
3 0.076171875 0.9091796875 0.0849609375 0.923828125 0.115234375 0.9365234375 0.146484375 0.9228515625 0.154296875 0.8876953125 0.1337890625 0.859375 0.1005859375 0.857421875 0.07421875 0.8837890625 0.076171875 0.9091796875
3 0.283203125 0.3115234375 0.2900390625 0.326171875 0.3310546875 0.345703125 0.341796875 0.3447265625 0.38671875 0.3232421875 0.3984375 0.2724609375 0.3662109375 0.232421875 0.3154296875 0.228515625 0.279296875 0.2685546875 0.283203125 0.3115234375
3 0.580078125 0.5830078125 0.572265625 0.6357421875 0.6123046875 0.6796875 0.634765625 0.6787109375 0.6669921875 0.673828125 0.69921875 0.6259765625 0.6875 0.5810546875 0.6572265625 0.5625 0.6279296875 0.5546875 0.580078125 0.5830078125
8 0.85546875 0.6748046875 0.853515625 0.6982421875 0.853515625 0.7275390625 0.859375 0.7275390625 0.8623046875 0.720703125 0.8740234375 0.720703125 0.8935546875 0.705078125 0.904296875 0.7041015625 0.8623046875 0.669921875 0.85546875 0.6748046875
8 0.6337890625 0.21484375 0.65234375 0.2763671875 0.6640625 0.2841796875 0.708984375 0.2275390625 0.6337890625 0.21484375
8 0.46875 0.3994140625 0.478515625 0.4033203125 0.4814453125 0.31640625 0.40625 0.3525390625 0.4248046875 0.37109375 0.4580078125 0.392578125 0.4658203125 0.390625 0.46875 0.3994140625
1 0.4404296875 0.8515625 0.4306640625 0.8515625 0.423828125 0.8720703125 0.4052734375 0.876953125 0.400390625 0.8896484375 0.4091796875 0.900390625 0.421875 0.9013671875 0.4267578125 0.919921875 0.439453125 0.9208984375 0.447265625 0.9013671875 0.4658203125 0.896484375 0.470703125 0.8857421875 0.4658203125 0.876953125 0.447265625 0.8720703125 0.4404296875 0.8515625
1 0.763671875 0.7275390625 0.7529296875 0.720703125 0.744140625 0.7275390625 0.7421875 0.7470703125 0.7197265625 0.751953125 0.712890625 0.7646484375 0.7216796875 0.7734375 0.7373046875 0.7734375 0.744140625 0.7958984375 0.759765625 0.8017578125 0.765625 0.7763671875 0.7900390625 0.7734375 0.796875 0.7626953125 0.7880859375 0.751953125 0.7685546875 0.751953125 0.763671875 0.7275390625
1 0.587890625 0.0634765625 0.5693359375 0.060546875 0.5625 0.0673828125 0.5625 0.0908203125 0.5341796875 0.09375 0.53125 0.1044921875 0.5361328125 0.11328125 0.560546875 0.1201171875 0.5693359375 0.14453125 0.5712890625 0.13671875 0.583984375 0.1435546875 0.591796875 0.1201171875 0.6142578125 0.115234375 0.62109375 0.0986328125 0.6142578125 0.091796875 0.5927734375 0.091796875 0.587890625 0.0634765625
7 0.8583984375 0.298828125 0.85546875 0.3134765625 0.8359375 0.3310546875 0.8505859375 0.33984375 0.86328125 0.3583984375 0.8759765625 0.34765625 0.896484375 0.3486328125 0.890625 0.3330078125 0.89453125 0.3095703125 0.8759765625 0.310546875 0.8583984375 0.298828125
7 0.5947265625 0.333984375 0.58984375 0.3564453125 0.56640625 0.3720703125 0.58984375 0.3876953125 0.591796875 0.4052734375 0.59765625 0.4091796875 0.6162109375 0.39453125 0.642578125 0.3955078125 0.634765625 0.3779296875 0.6396484375 0.345703125 0.6181640625 0.34765625 0.5947265625 0.333984375
7 0.7177734375 0.0703125 0.6962890625 0.052734375 0.685546875 0.0830078125 0.66015625 0.0986328125 0.6875 0.1162109375 0.69140625 0.1396484375 0.69921875 0.1435546875 0.7197265625 0.125 0.7451171875 0.130859375 0.751953125 0.1259765625 0.740234375 0.1044921875 0.751953125 0.0712890625 0.7177734375 0.0703125
2 0.5517578125 0.45703125 0.509765625 0.4853515625 0.49609375 0.5068359375 0.49609375 0.5185546875 0.5068359375 0.52734375 0.525390625 0.5263671875 0.5498046875 0.517578125 0.583984375 0.4892578125 0.59375 0.4736328125 0.5888671875 0.453125 0.5673828125 0.451171875 0.5517578125 0.45703125
2 0.2041015625 0.669921875 0.1806640625 0.67578125 0.1640625 0.6884765625 0.166015625 0.7099609375 0.1884765625 0.7265625 0.2099609375 0.732421875 0.25 0.7314453125 0.2724609375 0.72265625 0.283203125 0.7099609375 0.28125 0.6943359375 0.2646484375 0.6796875 0.2431640625 0.671875 0.2041015625 0.669921875
2 0.9013671875 0.50390625 0.8740234375 0.50390625 0.8369140625 0.513671875 0.814453125 0.5302734375 0.806640625 0.5439453125 0.806640625 0.5615234375 0.8251953125 0.578125 0.865234375 0.5830078125 0.8974609375 0.576171875 0.921875 0.5615234375 0.935546875 0.5419921875 0.935546875 0.5263671875 0.9267578125 0.515625 0.9013671875 0.50390625
6 0.73046875 0.4814453125 0.732421875 0.4697265625 0.6962890625 0.44140625 0.666015625 0.4775390625 0.703125 0.5068359375 0.73046875 0.4814453125
6 0.650390625 0.8427734375 0.65234375 0.8017578125 0.6044921875 0.796875 0.59765625 0.8447265625 0.640625 0.8525390625 0.650390625 0.8427734375
6 0.8896484375 0.087890625 0.841796875 0.1416015625 0.89453125 0.1904296875 0.9453125 0.1376953125 0.8896484375 0.087890625
5 0.33203125 0.5048828125 0.3515625 0.5498046875 0.36328125 0.5576171875 0.4091796875 0.548828125 0.41796875 0.5263671875 0.419921875 0.4931640625 0.3759765625 0.46875 0.3662109375 0.470703125 0.33203125 0.5048828125
5 0.515625 0.7705078125 0.5703125 0.7509765625 0.572265625 0.6904296875 0.5126953125 0.666015625 0.47265625 0.7177734375 0.50390625 0.7666015625 0.515625 0.7705078125
5 0.8291015625 0.953125 0.837890625 0.9521484375 0.8984375 0.9267578125 0.896484375 0.8603515625 0.8271484375 0.8359375 0.787109375 0.8974609375 0.8203125 0.9443359375 0.8291015625 0.953125