0 0.2529296875 0.849609375 0.236328125 0.8701171875 0.240234375 0.8974609375 0.2587890625 0.9140625 0.2861328125 0.9140625 0.306640625 0.8935546875 0.306640625 0.8681640625 0.28125 0.8466796875 0.2529296875 0.849609375
0 0.0966796875 0.390625 0.076171875 0.4072265625 0.068359375 0.4228515625 0.068359375 0.4462890625 0.078125 0.4658203125 0.1083984375 0.482421875 0.1376953125 0.474609375 0.158203125 0.4423828125 0.150390625 0.4091796875 0.12109375 0.3896484375 0.0966796875 0.390625
0 0.0927734375 0.73828125 0.0673828125 0.75 0.05078125 0.7666015625 0.04296875 0.7900390625 0.052734375 0.8369140625 0.0791015625 0.861328125 0.1044921875 0.869140625 0.1298828125 0.8671875 0.1533203125 0.85546875 0.17578125 0.8193359375 0.17578125 0.7958984375 0.1640625 0.7666015625 0.1494140625 0.751953125 0.119140625 0.7392578125 0.0927734375 0.73828125
4 0.1826171875 0.548828125 0.171875 0.5556640625 0.16015625 0.5908203125 0.1884765625 0.626953125 0.2294921875 0.62109375 0.240234375 0.6044921875 0.24609375 0.5751953125 0.220703125 0.5458984375 0.1826171875 0.548828125
4 0.4326171875 0.78125 0.419921875 0.7978515625 0.408203125 0.8251953125 0.4267578125 0.861328125 0.4736328125 0.86328125 0.48046875 0.8583984375 0.5 0.8212890625 0.478515625 0.7822265625 0.4326171875 0.78125
4 0.3056640625 0.173828125 0.296875 0.1962890625 0.294921875 0.2353515625 0.3408203125 0.26953125 0.3876953125 0.25 0.3984375 0.2177734375 0.400390625 0.1904296875 0.357421875 0.1572265625 0.3056640625 0.173828125
3 0.0849609375 0.076171875 0.076171875 0.0908203125 0.07421875 0.1162109375 0.1005859375 0.142578125 0.1337890625 0.140625 0.154296875 0.1123046875 0.146484375 0.0771484375 0.115234375 0.0634765625 0.0849609375 0.076171875
3 0.3310546875 0.654296875 0.2900390625 0.673828125 0.283203125 0.6884765625 0.279296875 0.7314453125 0.3154296875 0.771484375 0.3662109375 0.767578125 0.3984375 0.7275390625 0.38671875 0.6767578125 0.341796875 0.6552734375 0.3310546875 0.654296875
3 0.6123046875 0.3203125 0.572265625 0.3642578125 0.580078125 0.4169921875 0.6279296875 0.4453125 0.6572265625 0.4375 0.6875 0.4189453125 0.69921875 0.3740234375 0.6669921875 0.326171875 0.634765625 0.3212890625 0.6123046875 0.3203125
8 0.853515625 0.2724609375 0.853515625 0.3017578125 0.85546875 0.3251953125 0.8623046875 0.330078125 0.904296875 0.2958984375 0.8935546875 0.294921875 0.8740234375 0.279296875 0.8623046875 0.279296875 0.859375 0.2724609375 0.853515625 0.2724609375
8 0.65234375 0.7236328125 0.6337890625 0.78515625 0.708984375 0.7724609375 0.6640625 0.7158203125 0.65234375 0.7236328125
8 0.46875 0.6005859375 0.4658203125 0.609375 0.4580078125 0.607421875 0.4248046875 0.62890625 0.40625 0.6474609375 0.4814453125 0.68359375 0.478515625 0.5966796875 0.46875 0.6005859375
1 0.4267578125 0.080078125 0.421875 0.0986328125 0.4091796875 0.099609375 0.400390625 0.1103515625 0.4052734375 0.123046875 0.423828125 0.1279296875 0.4306640625 0.1484375 0.4404296875 0.1484375 0.447265625 0.1279296875 0.4658203125 0.123046875 0.470703125 0.1142578125 0.4658203125 0.103515625 0.447265625 0.0986328125 0.439453125 0.0791015625 0.4267578125 0.080078125
1 0.744140625 0.2041015625 0.7373046875 0.2265625 0.7216796875 0.2265625 0.712890625 0.2353515625 0.7197265625 0.248046875 0.7421875 0.2529296875 0.744140625 0.2724609375 0.7529296875 0.279296875 0.763671875 0.2724609375 0.7685546875 0.248046875 0.7880859375 0.248046875 0.796875 0.2373046875 0.7900390625 0.2265625 0.765625 0.2236328125 0.759765625 0.1982421875 0.744140625 0.2041015625
1 0.5712890625 0.86328125 0.5693359375 0.85546875 0.560546875 0.8798828125 0.5361328125 0.88671875 0.53125 0.8955078125 0.5341796875 0.90625 0.5625 0.9091796875 0.5625 0.9326171875 0.5693359375 0.939453125 0.587890625 0.9365234375 0.5927734375 0.908203125 0.6142578125 0.908203125 0.62109375 0.9013671875 0.6142578125 0.884765625 0.591796875 0.8798828125 0.583984375 0.8564453125 0.5712890625 0.86328125
7 0.8505859375 0.66015625 0.8359375 0.6689453125 0.85546875 0.6865234375 0.8583984375 0.701171875 0.8759765625 0.689453125 0.89453125 0.6904296875 0.890625 0.6669921875 0.896484375 0.6513671875 0.8759765625 0.65234375 0.86328125 0.6416015625 0.8505859375 0.66015625
7 0.591796875 0.5947265625 0.58984375 0.6123046875 0.56640625 0.6279296875 0.58984375 0.6435546875 0.5947265625 0.666015625 0.6181640625 0.65234375 0.6396484375 0.654296875 0.634765625 0.6220703125 0.642578125 0.6044921875 0.6162109375 0.60546875 0.59765625 0.5908203125 0.591796875 0.5947265625
7 0.69140625 0.8603515625 0.6875 0.8837890625 0.66015625 0.9013671875 0.685546875 0.9169921875 0.6962890625 0.947265625 0.7177734375 0.9296875 0.751953125 0.9287109375 0.740234375 0.8955078125 0.751953125 0.8740234375 0.7451171875 0.869140625 0.7197265625 0.875 0.69921875 0.8564453125 0.69140625 0.8603515625
2 0.5068359375 0.47265625 0.49609375 0.4814453125 0.49609375 0.4931640625 0.509765625 0.5146484375 0.5517578125 0.54296875 0.5673828125 0.548828125 0.5888671875 0.546875 0.59375 0.5263671875 0.583984375 0.5107421875 0.5498046875 0.482421875 0.525390625 0.4736328125 0.5068359375 0.47265625
2 0.2099609375 0.267578125 0.1884765625 0.2734375 0.166015625 0.2900390625 0.1640625 0.3115234375 0.1806640625 0.32421875 0.2041015625 0.330078125 0.2431640625 0.328125 0.2646484375 0.3203125 0.28125 0.3056640625 0.283203125 0.2900390625 0.2724609375 0.27734375 0.25 0.2685546875 0.2099609375 0.267578125
2 0.8251953125 0.421875 0.806640625 0.4384765625 0.806640625 0.4560546875 0.814453125 0.4697265625 0.8369140625 0.486328125 0.8740234375 0.49609375 0.9013671875 0.49609375 0.9267578125 0.484375 0.935546875 0.4736328125 0.935546875 0.4580078125 0.921875 0.4384765625 0.8974609375 0.423828125 0.865234375 0.4169921875 0.8251953125 0.421875
6 0.666015625 0.5224609375 0.6962890625 0.55859375 0.732421875 0.5302734375 0.73046875 0.5185546875 0.703125 0.4931640625 0.666015625 0.5224609375
6 0.59765625 0.1552734375 0.6044921875 0.203125 0.65234375 0.1982421875 0.650390625 0.1572265625 0.640625 0.1474609375 0.59765625 0.1552734375
6 0.841796875 0.8583984375 0.8896484375 0.912109375 0.9453125 0.8623046875 0.89453125 0.8095703125 0.841796875 0.8583984375
5 0.3515625 0.4501953125 0.33203125 0.4951171875 0.3662109375 0.529296875 0.3759765625 0.53125 0.419921875 0.5068359375 0.41796875 0.4736328125 0.4091796875 0.451171875 0.36328125 0.4423828125 0.3515625 0.4501953125
5 0.50390625 0.2333984375 0.47265625 0.2822265625 0.5126953125 0.333984375 0.572265625 0.3095703125 0.5703125 0.2490234375 0.515625 0.2294921875 0.50390625 0.2333984375
5 0.8291015625 0.046875 0.8203125 0.0556640625 0.787109375 0.1025390625 0.8271484375 0.1640625 0.896484375 0.1396484375 0.8984375 0.0732421875 0.837890625 0.0478515625 0.8291015625 0.046875