0 0.849609375 0.7470703125 0.8701171875 0.763671875 0.8974609375 0.759765625 0.9140625 0.7412109375 0.9140625 0.7138671875 0.8935546875 0.693359375 0.8681640625 0.693359375 0.8466796875 0.71875 0.849609375 0.7470703125
0 0.390625 0.9033203125 0.4072265625 0.923828125 0.4228515625 0.931640625 0.4462890625 0.931640625 0.4658203125 0.921875 0.482421875 0.8916015625 0.474609375 0.8623046875 0.4423828125 0.841796875 0.4091796875 0.849609375 0.3896484375 0.87890625 0.390625 0.9033203125
0 0.73828125 0.9072265625 0.75 0.9326171875 0.7666015625 0.94921875 0.7900390625 0.95703125 0.8369140625 0.947265625 0.861328125 0.9208984375 0.869140625 0.8955078125 0.8671875 0.8701171875 0.85546875 0.8466796875 0.8193359375 0.82421875 0.7958984375 0.82421875 0.7666015625 0.8359375 0.751953125 0.8505859375 0.7392578125 0.880859375 0.73828125 0.9072265625
4 0.548828125 0.8173828125 0.5556640625 0.828125 0.5908203125 0.83984375 0.626953125 0.8115234375 0.62109375 0.7705078125 0.6044921875 0.759765625 0.5751953125 0.75390625 0.5458984375 0.779296875 0.548828125 0.8173828125
4 0.78125 0.5673828125 0.7978515625 0.580078125 0.8251953125 0.591796875 0.861328125 0.5732421875 0.86328125 0.5263671875 0.8583984375 0.51953125 0.8212890625 0.5 0.7822265625 0.521484375 0.78125 0.5673828125
4 0.173828125 0.6943359375 0.1962890625 0.703125 0.2353515625 0.705078125 0.26953125 0.6591796875 0.25 0.6123046875 0.2177734375 0.6015625 0.1904296875 0.599609375 0.1572265625 0.642578125 0.173828125 0.6943359375
3 0.076171875 0.9150390625 0.0908203125 0.923828125 0.1162109375 0.92578125 0.142578125 0.8994140625 0.140625 0.8662109375 0.1123046875 0.845703125 0.0771484375 0.853515625 0.0634765625 0.884765625 0.076171875 0.9150390625
3 0.654296875 0.6689453125 0.673828125 0.7099609375 0.6884765625 0.716796875 0.7314453125 0.720703125 0.771484375 0.6845703125 0.767578125 0.6337890625 0.7275390625 0.6015625 0.6767578125 0.61328125 0.6552734375 0.658203125 0.654296875 0.6689453125
3 0.3203125 0.3876953125 0.3642578125 0.427734375 0.4169921875 0.419921875 0.4453125 0.3720703125 0.4375 0.3427734375 0.4189453125 0.3125 0.3740234375 0.30078125 0.326171875 0.3330078125 0.3212890625 0.365234375 0.3203125 0.3876953125
8 0.2724609375 0.146484375 0.3017578125 0.146484375 0.3251953125 0.14453125 0.330078125 0.1376953125 0.2958984375 0.095703125 0.294921875 0.1064453125 0.279296875 0.1259765625 0.279296875 0.1376953125 0.2724609375 0.140625 0.2724609375 0.146484375
8 0.7236328125 0.34765625 0.78515625 0.3662109375 0.7724609375 0.291015625 0.7158203125 0.3359375 0.7236328125 0.34765625
8 0.6005859375 0.53125 0.609375 0.5341796875 0.607421875 0.5419921875 0.62890625 0.5751953125 0.6474609375 0.59375 0.68359375 0.5185546875 0.5966796875 0.521484375 0.6005859375 0.53125
1 0.080078125 0.5732421875 0.0986328125 0.578125 0.099609375 0.5908203125 0.1103515625 0.599609375 0.123046875 0.5947265625 0.1279296875 0.576171875 0.1484375 0.5693359375 0.1484375 0.5595703125 0.1279296875 0.552734375 0.123046875 0.5341796875 0.1142578125 0.529296875 0.103515625 0.5341796875 0.0986328125 0.552734375 0.0791015625 0.560546875 0.080078125 0.5732421875
1 0.2041015625 0.255859375 0.2265625 0.2626953125 0.2265625 0.2783203125 0.2353515625 0.287109375 0.248046875 0.2802734375 0.2529296875 0.2578125 0.2724609375 0.255859375 0.279296875 0.2470703125 0.2724609375 0.236328125 0.248046875 0.2314453125 0.248046875 0.2119140625 0.2373046875 0.203125 0.2265625 0.2099609375 0.2236328125 0.234375 0.1982421875 0.240234375 0.2041015625 0.255859375
1 0.86328125 0.4287109375 0.85546875 0.4306640625 0.8798828125 0.439453125 0.88671875 0.4638671875 0.8955078125 0.46875 0.90625 0.4658203125 0.9091796875 0.4375 0.9326171875 0.4375 0.939453125 0.4306640625 0.9365234375 0.412109375 0.908203125 0.4072265625 0.908203125 0.3857421875 0.9013671875 0.37890625 0.884765625 0.3857421875 0.8798828125 0.408203125 0.8564453125 0.416015625 0.86328125 0.4287109375
7 0.66015625 0.1494140625 0.6689453125 0.1640625 0.6865234375 0.14453125 0.701171875 0.1416015625 0.689453125 0.1240234375 0.6904296875 0.10546875 0.6669921875 0.109375 0.6513671875 0.103515625 0.65234375 0.1240234375 0.6416015625 0.13671875 0.66015625 0.1494140625
7 0.5947265625 0.408203125 0.6123046875 0.41015625 0.6279296875 0.43359375 0.6435546875 0.41015625 0.666015625 0.4052734375 0.65234375 0.3818359375 0.654296875 0.3603515625 0.6220703125 0.365234375 0.6044921875 0.357421875 0.60546875 0.3837890625 0.5908203125 0.40234375 0.5947265625 0.408203125
7 0.8603515625 0.30859375 0.8837890625 0.3125 0.9013671875 0.33984375 0.9169921875 0.314453125 0.947265625 0.3037109375 0.9296875 0.2822265625 0.9287109375 0.248046875 0.8955078125 0.259765625 0.8740234375 0.248046875 0.869140625 0.2548828125 0.875 0.2802734375 0.8564453125 0.30078125 0.8603515625 0.30859375
2 0.47265625 0.4931640625 0.4814453125 0.50390625 0.4931640625 0.50390625 0.5146484375 0.490234375 0.54296875 0.4482421875 0.548828125 0.4326171875 0.546875 0.4111328125 0.5263671875 0.40625 0.5107421875 0.416015625 0.482421875 0.4501953125 0.4736328125 0.474609375 0.47265625 0.4931640625
2 0.267578125 0.7900390625 0.2734375 0.8115234375 0.2900390625 0.833984375 0.3115234375 0.8359375 0.32421875 0.8193359375 0.330078125 0.7958984375 0.328125 0.7568359375 0.3203125 0.7353515625 0.3056640625 0.71875 0.2900390625 0.716796875 0.27734375 0.7275390625 0.2685546875 0.75 0.267578125 0.7900390625
2 0.421875 0.1748046875 0.4384765625 0.193359375 0.4560546875 0.193359375 0.4697265625 0.185546875 0.486328125 0.1630859375 0.49609375 0.1259765625 0.49609375 0.0986328125 0.484375 0.0732421875 0.4736328125 0.064453125 0.4580078125 0.064453125 0.4384765625 0.078125 0.423828125 0.1025390625 0.4169921875 0.134765625 0.421875 0.1748046875
6 0.5224609375 0.333984375 0.55859375 0.3037109375 0.5302734375 0.267578125 0.5185546875 0.26953125 0.4931640625 0.296875 0.5224609375 0.333984375
6 0.1552734375 0.40234375 0.203125 0.3955078125 0.1982421875 0.34765625 0.1572265625 0.349609375 0.1474609375 0.359375 0.1552734375 0.40234375
6 0.8583984375 0.158203125 0.912109375 0.1103515625 0.8623046875 0.0546875 0.8095703125 0.10546875 0.8583984375 0.158203125
5 0.4501953125 0.6484375 0.4951171875 0.66796875 0.529296875 0.6337890625 0.53125 0.6240234375 0.5068359375 0.580078125 0.4736328125 0.58203125 0.451171875 0.5908203125 0.4423828125 0.63671875 0.4501953125 0.6484375
5 0.2333984375 0.49609375 0.2822265625 0.52734375 0.333984375 0.4873046875 0.3095703125 0.427734375 0.2490234375 0.4296875 0.2294921875 0.484375 0.2333984375 0.49609375
5 0.046875 0.1708984375 0.0556640625 0.1796875 0.1025390625 0.212890625 0.1640625 0.1728515625 0.1396484375 0.103515625 0.0732421875 0.1015625 0.0478515625 0.162109375 0.046875 0.1708984375