8 0.90625 0.7021484375 0.8583984375 0.669921875 0.853515625 0.7275390625 0.90625 0.7021484375
8 0.666015625 0.2822265625 0.7080078125 0.2265625 0.6328125 0.2158203125 0.658203125 0.2841796875 0.666015625 0.2822265625
8 0.4833984375 0.31640625 0.40625 0.3525390625 0.4765625 0.4052734375 0.4833984375 0.31640625
7 0.8779296875 0.345703125 0.8984375 0.3486328125 0.888671875 0.3291015625 0.8955078125 0.306640625 0.8779296875 0.3125 0.8603515625 0.296875 0.85546875 0.3154296875 0.833984375 0.3291015625 0.85546875 0.3427734375 0.859375 0.3603515625 0.8779296875 0.345703125
7 0.7177734375 0.125 0.751953125 0.1279296875 0.73828125 0.1005859375 0.7509765625 0.068359375 0.7177734375 0.072265625 0.693359375 0.0517578125 0.689453125 0.0810546875 0.66015625 0.1005859375 0.689453125 0.1181640625 0.693359375 0.1455078125 0.7177734375 0.125
7 0.6162109375 0.39453125 0.642578125 0.3974609375 0.630859375 0.3740234375 0.6416015625 0.345703125 0.6162109375 0.349609375 0.5947265625 0.33203125 0.58984375 0.3564453125 0.56640625 0.3701171875 0.58984375 0.3857421875 0.59375 0.4111328125 0.6162109375 0.39453125
0 0.2939453125 0.146484375 0.30859375 0.1220703125 0.3046875 0.1025390625 0.2919921875 0.08984375 0.2744140625 0.083984375 0.2509765625 0.091796875 0.236328125 0.1142578125 0.2421875 0.1396484375 0.265625 0.1533203125 0.2939453125 0.146484375
0 0.1240234375 0.2578125 0.1474609375 0.24609375 0.1640625 0.2275390625 0.173828125 0.2021484375 0.171875 0.1767578125 0.162109375 0.1572265625 0.1279296875 0.134765625 0.1083984375 0.1328125 0.0810546875 0.140625 0.05859375 0.1591796875 0.046875 0.1826171875 0.044921875 0.2060546875 0.056640625 0.2353515625 0.0751953125 0.251953125 0.09765625 0.2587890625 0.1240234375 0.2578125
0 0.1259765625 0.609375 0.1396484375 0.6015625 0.15625 0.5751953125 0.150390625 0.5400390625 0.1220703125 0.51953125 0.1025390625 0.51953125 0.0869140625 0.52734375 0.068359375 0.5576171875 0.076171875 0.5908203125 0.10546875 0.6103515625 0.1259765625 0.609375
2 0.8740234375 0.58203125 0.9111328125 0.568359375 0.9296875 0.5517578125 0.93359375 0.5244140625 0.9208984375 0.51171875 0.8935546875 0.50390625 0.8642578125 0.505859375 0.8291015625 0.51953125 0.810546875 0.5380859375 0.806640625 0.5576171875 0.8193359375 0.57421875 0.837890625 0.5810546875 0.8740234375 0.58203125
2 0.5341796875 0.5234375 0.5654296875 0.505859375 0.58984375 0.4794921875 0.59375 0.4580078125 0.5830078125 0.451171875 0.5634765625 0.453125 0.5205078125 0.4765625 0.49609375 0.5087890625 0.498046875 0.5224609375 0.505859375 0.5263671875 0.5341796875 0.5234375
2 0.2451171875 0.732421875 0.2685546875 0.724609375 0.283203125 0.7099609375 0.279296875 0.6923828125 0.2587890625 0.677734375 0.2275390625 0.669921875 0.1943359375 0.671875 0.1748046875 0.6796875 0.162109375 0.6962890625 0.166015625 0.7099609375 0.1904296875 0.7265625 0.2109375 0.7314453125 0.2451171875 0.732421875
1 0.76171875 0.7998046875 0.7646484375 0.7734375 0.7880859375 0.771484375 0.794921875 0.7626953125 0.7900390625 0.75390625 0.763671875 0.7509765625 0.7587890625 0.72265625 0.74609375 0.7275390625 0.7431640625 0.751953125 0.71484375 0.7587890625 0.7197265625 0.771484375 0.744140625 0.7744140625 0.75 0.8017578125 0.76171875 0.7998046875
1 0.587890625 0.1416015625 0.5927734375 0.1171875 0.6142578125 0.115234375 0.62109375 0.1064453125 0.6162109375 0.091796875 0.591796875 0.0869140625 0.58984375 0.0673828125 0.5810546875 0.05859375 0.564453125 0.0654296875 0.5595703125 0.087890625 0.5400390625 0.08984375 0.533203125 0.0966796875 0.5361328125 0.11328125 0.560546875 0.1181640625 0.5703125 0.1455078125 0.587890625 0.1416015625
1 0.443359375 0.9189453125 0.4482421875 0.8984375 0.46875 0.8916015625 0.4658203125 0.87890625 0.447265625 0.8759765625 0.4404296875 0.853515625 0.42578125 0.8583984375 0.4208984375 0.876953125 0.4072265625 0.876953125 0.400390625 0.8837890625 0.4052734375 0.896484375 0.423828125 0.8994140625 0.4296875 0.9208984375 0.443359375 0.9189453125
3 0.146484375 0.9228515625 0.154296875 0.8896484375 0.1337890625 0.859375 0.0966796875 0.857421875 0.07421875 0.8818359375 0.078125 0.9169921875 0.109375 0.9365234375 0.146484375 0.9228515625
3 0.6650390625 0.67578125 0.69921875 0.6298828125 0.685546875 0.5791015625 0.6337890625 0.5546875 0.5830078125 0.580078125 0.576171875 0.6064453125 0.572265625 0.6357421875 0.611328125 0.6787109375 0.6650390625 0.67578125
3 0.3466796875 0.34375 0.3837890625 0.326171875 0.388671875 0.3154296875 0.3984375 0.2744140625 0.3642578125 0.23046875 0.3115234375 0.23046875 0.27734375 0.2744140625 0.287109375 0.3212890625 0.330078125 0.3447265625 0.3466796875 0.34375
6 0.650177125 0.8267965593750001 0.65334008125 0.802758096875 0.6044921875 0.796875 0.5976720640625001 0.8451416999999999 0.6463815796875 0.8514676124999999 0.650177125 0.8267965593750001
6 0.9453125 0.1396484375 0.8935546875 0.087890625 0.841796875 0.1376953125 0.8917214921875001 0.1932565796875 0.9453125 0.1396484375
6 0.71740430625 0.4919258375 0.732421875 0.4716796875 0.6962890625 0.443359375 0.66796875 0.4794921875 0.7031997609375 0.5106160281250001 0.71740430625 0.4919258375
4 0.3935546875 0.814453125 0.400390625 0.8037109375 0.392578125 0.7548828125 0.3369140625 0.732421875 0.294921875 0.7666015625 0.294921875 0.7783203125 0.302734375 0.8212890625 0.3515625 0.8427734375 0.3935546875 0.814453125
4 0.2177734375 0.455078125 0.244140625 0.4267578125 0.24609375 0.4169921875 0.2314453125 0.380859375 0.1904296875 0.373046875 0.166015625 0.3994140625 0.162109375 0.4130859375 0.1767578125 0.44921875 0.20703125 0.4541015625 0.2177734375 0.455078125
4 0.4736328125 0.21875 0.482421875 0.2138671875 0.5 0.1728515625 0.4755859375 0.13671875 0.4326171875 0.13671875 0.42578125 0.1416015625 0.408203125 0.1826171875 0.431640625 0.2177734375 0.4736328125 0.21875
5 0.4091796875 0.548828125 0.4161184203125 0.51946271875 0.419921875 0.4951171875 0.3720703125 0.46875 0.33203125 0.5068359375 0.357421875 0.5556640625 0.4091796875 0.548828125
5 0.896484375 0.9287109375 0.8935546875 0.857421875 0.8330078125 0.837890625 0.8040021921875 0.8730811390625 0.7890625 0.8974609375 0.828125 0.9501953125 0.896484375 0.9287109375
5 0.5703125 0.7490234375 0.5703125 0.6904296875 0.5166015625 0.66796875 0.474609375 0.7138671875 0.5078125 0.7685546875 0.5703125 0.7490234375