8 0.146484375 0.7275390625 0.1416015625 0.669921875 0.09375 0.7021484375 0.146484375 0.7275390625
8 0.2919921875 0.2265625 0.333984375 0.2822265625 0.341796875 0.2841796875 0.3671875 0.2158203125 0.2919921875 0.2265625
8 0.5234375 0.4052734375 0.59375 0.3525390625 0.5166015625 0.31640625 0.5234375 0.4052734375
7 0.1044921875 0.306640625 0.111328125 0.3291015625 0.1015625 0.3486328125 0.1220703125 0.345703125 0.140625 0.3603515625 0.14453125 0.3427734375 0.166015625 0.3291015625 0.14453125 0.3154296875 0.1396484375 0.296875 0.1220703125 0.3125 0.1044921875 0.306640625
7 0.2490234375 0.068359375 0.26171875 0.1005859375 0.248046875 0.1279296875 0.2822265625 0.125 0.306640625 0.1455078125 0.310546875 0.1181640625 0.33984375 0.1005859375 0.310546875 0.0810546875 0.306640625 0.0517578125 0.2822265625 0.072265625 0.2490234375 0.068359375
7 0.3583984375 0.345703125 0.369140625 0.3740234375 0.357421875 0.3974609375 0.3837890625 0.39453125 0.40625 0.4111328125 0.41015625 0.3857421875 0.43359375 0.3701171875 0.41015625 0.3564453125 0.4052734375 0.33203125 0.3837890625 0.349609375 0.3583984375 0.345703125
0 0.6953125 0.1025390625 0.69140625 0.1220703125 0.7060546875 0.146484375 0.734375 0.1533203125 0.7578125 0.1396484375 0.763671875 0.1142578125 0.7490234375 0.091796875 0.7255859375 0.083984375 0.7080078125 0.08984375 0.6953125 0.1025390625
0 0.9189453125 0.140625 0.8916015625 0.1328125 0.8720703125 0.134765625 0.837890625 0.1572265625 0.828125 0.1767578125 0.826171875 0.2021484375 0.8359375 0.2275390625 0.8525390625 0.24609375 0.8759765625 0.2578125 0.90234375 0.2587890625 0.9248046875 0.251953125 0.943359375 0.2353515625 0.955078125 0.2060546875 0.953125 0.1826171875 0.94140625 0.1591796875 0.9189453125 0.140625
0 0.849609375 0.5400390625 0.84375 0.5751953125 0.8603515625 0.6015625 0.8740234375 0.609375 0.89453125 0.6103515625 0.923828125 0.5908203125 0.931640625 0.5576171875 0.9130859375 0.52734375 0.8974609375 0.51953125 0.8779296875 0.51953125 0.849609375 0.5400390625
2 0.1064453125 0.50390625 0.0791015625 0.51171875 0.06640625 0.5244140625 0.0703125 0.5517578125 0.0888671875 0.568359375 0.1259765625 0.58203125 0.162109375 0.5810546875 0.1806640625 0.57421875 0.193359375 0.5576171875 0.189453125 0.5380859375 0.1708984375 0.51953125 0.1357421875 0.505859375 0.1064453125 0.50390625
2 0.40625 0.4580078125 0.41015625 0.4794921875 0.4345703125 0.505859375 0.4658203125 0.5234375 0.494140625 0.5263671875 0.501953125 0.5224609375 0.50390625 0.5087890625 0.4794921875 0.4765625 0.4365234375 0.453125 0.4169921875 0.451171875 0.40625 0.4580078125
2 0.7724609375 0.669921875 0.7412109375 0.677734375 0.720703125 0.6923828125 0.716796875 0.7099609375 0.7314453125 0.724609375 0.7548828125 0.732421875 0.7890625 0.7314453125 0.8095703125 0.7265625 0.833984375 0.7099609375 0.837890625 0.6962890625 0.8251953125 0.6796875 0.8056640625 0.671875 0.7724609375 0.669921875
1 0.2412109375 0.72265625 0.236328125 0.7509765625 0.2099609375 0.75390625 0.205078125 0.7626953125 0.2119140625 0.771484375 0.2353515625 0.7734375 0.23828125 0.7998046875 0.25 0.8017578125 0.255859375 0.7744140625 0.2802734375 0.771484375 0.28515625 0.7587890625 0.2568359375 0.751953125 0.25390625 0.7275390625 0.2412109375 0.72265625
1 0.435546875 0.0654296875 0.4189453125 0.05859375 0.41015625 0.0673828125 0.408203125 0.0869140625 0.3837890625 0.091796875 0.37890625 0.1064453125 0.3857421875 0.115234375 0.4072265625 0.1171875 0.412109375 0.1416015625 0.4296875 0.1455078125 0.439453125 0.1181640625 0.4638671875 0.11328125 0.466796875 0.0966796875 0.4599609375 0.08984375 0.4404296875 0.087890625 0.435546875 0.0654296875
1 0.57421875 0.8583984375 0.5595703125 0.853515625 0.552734375 0.8759765625 0.5341796875 0.87890625 0.53125 0.8916015625 0.5517578125 0.8984375 0.556640625 0.9189453125 0.5703125 0.9208984375 0.576171875 0.8994140625 0.5947265625 0.896484375 0.599609375 0.8837890625 0.5927734375 0.876953125 0.5791015625 0.876953125 0.57421875 0.8583984375
3 0.853515625 0.9228515625 0.890625 0.9365234375 0.921875 0.9169921875 0.92578125 0.8818359375 0.9033203125 0.857421875 0.8662109375 0.859375 0.845703125 0.8896484375 0.853515625 0.9228515625
3 0.30078125 0.6298828125 0.3349609375 0.67578125 0.388671875 0.6787109375 0.427734375 0.6357421875 0.423828125 0.6064453125 0.4169921875 0.580078125 0.3662109375 0.5546875 0.314453125 0.5791015625 0.30078125 0.6298828125
3 0.611328125 0.3154296875 0.6162109375 0.326171875 0.6533203125 0.34375 0.669921875 0.3447265625 0.712890625 0.3212890625 0.72265625 0.2744140625 0.6884765625 0.23046875 0.6357421875 0.23046875 0.6015625 0.2744140625 0.611328125 0.3154296875
6 0.40232793593749994 0.8451416999999999 0.3955078125 0.796875 0.34665991875 0.802758096875 0.349822875 0.8267965593750001 0.3536184203125 0.8514676124999999 0.40232793593749994 0.8451416999999999
6 0.1064453125 0.087890625 0.0546875 0.1396484375 0.1082785078125 0.1932565796875 0.158203125 0.1376953125 0.1064453125 0.087890625
6 0.33203125 0.4794921875 0.3037109375 0.443359375 0.267578125 0.4716796875 0.28259569375 0.4919258375 0.2968002390625 0.5106160281250001 0.33203125 0.4794921875
4 0.599609375 0.8037109375 0.6064453125 0.814453125 0.6484375 0.8427734375 0.697265625 0.8212890625 0.705078125 0.7783203125 0.705078125 0.7666015625 0.6630859375 0.732421875 0.607421875 0.7548828125 0.599609375 0.8037109375
4 0.75390625 0.4169921875 0.755859375 0.4267578125 0.7822265625 0.455078125 0.79296875 0.4541015625 0.8232421875 0.44921875 0.837890625 0.4130859375 0.833984375 0.3994140625 0.8095703125 0.373046875 0.7685546875 0.380859375 0.75390625 0.4169921875
4 0.517578125 0.2138671875 0.5263671875 0.21875 0.568359375 0.2177734375 0.591796875 0.1826171875 0.57421875 0.1416015625 0.5673828125 0.13671875 0.5244140625 0.13671875 0.5 0.1728515625 0.517578125 0.2138671875
5 0.642578125 0.5556640625 0.66796875 0.5068359375 0.6279296875 0.46875 0.580078125 0.4951171875 0.5838815796875 0.51946271875 0.5908203125 0.548828125 0.642578125 0.5556640625
5 0.171875 0.9501953125 0.2109375 0.8974609375 0.1959978078125 0.8730811390625 0.1669921875 0.837890625 0.1064453125 0.857421875 0.103515625 0.9287109375 0.171875 0.9501953125
5 0.525390625 0.7138671875 0.4833984375 0.66796875 0.4296875 0.6904296875 0.4296875 0.7490234375 0.4921875 0.7685546875 0.525390625 0.7138671875