1 0.052734375 0.1123046875 0.0732421875 0.11328125 0.076171875 0.0751953125 0.1142578125 0.072265625 0.115234375 0.0498046875 0.0771484375 0.046875 0.076171875 0.0166015625 0.0537109375 0.013671875 0.052734375 0.0439453125 0.0166015625 0.046875 0.0146484375 0.072265625 0.0517578125 0.07421875 0.052734375 0.1123046875
1 0.8701171875 0.07421875 0.9052734375 0.07421875 0.91015625 0.1142578125 0.9306640625 0.115234375 0.93359375 0.0771484375 0.9697265625 0.07421875 0.97265625 0.0537109375 0.9697265625 0.048828125 0.9345703125 0.048828125 0.931640625 0.0166015625 0.9150390625 0.013671875 0.908203125 0.0185546875 0.908203125 0.0478515625 0.8720703125 0.048828125 0.8701171875 0.07421875
1 0.41796875 0.9755859375 0.4384765625 0.9765625 0.44140625 0.9443359375 0.4794921875 0.94140625 0.48046875 0.9189453125 0.4443359375 0.91796875 0.44140625 0.8779296875 0.4189453125 0.876953125 0.41796875 0.9150390625 0.3798828125 0.91796875 0.3798828125 0.94140625 0.4169921875 0.943359375 0.41796875 0.9755859375
1 0.5322265625 0.9375 0.53515625 0.9755859375 0.5576171875 0.9765625 0.560546875 0.9384765625 0.5986328125 0.9375 0.6015625 0.9189453125 0.5986328125 0.9140625 0.5615234375 0.9140625 0.55859375 0.8759765625 0.5361328125 0.875 0.53515625 0.9111328125 0.5029296875 0.9140625 0.5009765625 0.9375 0.5322265625 0.9375
7 0.9775390625 0.283203125 0.9453125 0.2431640625 0.9765625 0.1982421875 0.9248046875 0.216796875 0.8955078125 0.173828125 0.896484375 0.2275390625 0.8486328125 0.24609375 0.8984375 0.2587890625 0.8994140625 0.310546875 0.9287109375 0.267578125 0.9775390625 0.283203125
7 0.7666015625 0.984375 0.751953125 0.9345703125 0.796875 0.9052734375 0.7451171875 0.904296875 0.7314453125 0.853515625 0.7119140625 0.90234375 0.6611328125 0.90234375 0.703125 0.9326171875 0.6845703125 0.98046875 0.7294921875 0.951171875 0.7666015625 0.984375
7 0.138671875 0.2431640625 0.087890625 0.2255859375 0.0908203125 0.173828125 0.0595703125 0.21484375 0.0107421875 0.1953125 0.0390625 0.2412109375 0.0068359375 0.28125 0.0576171875 0.265625 0.0869140625 0.310546875 0.0859375 0.2587890625 0.138671875 0.2431640625
7 0.484375 0.7919921875 0.453125 0.7509765625 0.486328125 0.7099609375 0.4365234375 0.724609375 0.4072265625 0.6796875 0.40625 0.7333984375 0.3564453125 0.748046875 0.40625 0.7666015625 0.4033203125 0.818359375 0.4326171875 0.775390625 0.484375 0.7919921875
0 0.765625 0.3525390625 0.7841796875 0.369140625 0.8212890625 0.375 0.8447265625 0.365234375 0.861328125 0.3466796875 0.8671875 0.3056640625 0.85546875 0.2822265625 0.8408203125 0.26953125 0.8173828125 0.26171875 0.7958984375 0.263671875 0.763671875 0.2880859375 0.755859375 0.3056640625 0.7568359375 0.33203125 0.765625 0.3525390625
0 0.7783203125 0.8671875 0.8193359375 0.87109375 0.8388671875 0.861328125 0.853515625 0.8447265625 0.859375 0.8037109375 0.8369140625 0.76953125 0.7958984375 0.759765625 0.7744140625 0.767578125 0.755859375 0.7861328125 0.748046875 0.8056640625 0.7490234375 0.828125 0.755859375 0.8466796875 0.7783203125 0.8671875
0 0.123046875 0.3427734375 0.1435546875 0.365234375 0.1845703125 0.373046875 0.2099609375 0.361328125 0.22265625 0.3466796875 0.23046875 0.3095703125 0.22265625 0.2880859375 0.2080078125 0.271484375 0.1884765625 0.26171875 0.1611328125 0.26171875 0.12890625 0.2822265625 0.119140625 0.3017578125 0.1181640625 0.32421875 0.123046875 0.3427734375
0 0.2919921875 0.72265625 0.3330078125 0.728515625 0.3583984375 0.71484375 0.37109375 0.6982421875 0.375 0.6591796875 0.3671875 0.6416015625 0.3466796875 0.623046875 0.3076171875 0.6171875 0.2734375 0.6396484375 0.263671875 0.6630859375 0.2646484375 0.685546875 0.275390625 0.7080078125 0.2919921875 0.72265625
2 0.2021484375 0.69140625 0.2138671875 0.69140625 0.234375 0.6669921875 0.24609375 0.6142578125 0.240234375 0.5380859375 0.23046875 0.5126953125 0.2158203125 0.498046875 0.1982421875 0.5 0.18359375 0.5185546875 0.171875 0.5634765625 0.1708984375 0.59765625 0.181640625 0.6650390625 0.2021484375 0.69140625
2 0.2783203125 0.4921875 0.2958984375 0.490234375 0.310546875 0.4697265625 0.3203125 0.4365234375 0.322265625 0.3701171875 0.3125 0.3271484375 0.2900390625 0.298828125 0.2763671875 0.30078125 0.255859375 0.3310546875 0.248046875 0.3681640625 0.2490234375 0.427734375 0.267578125 0.4833984375 0.2783203125 0.4921875
2 0.7099609375 0.4921875 0.73046875 0.4580078125 0.73828125 0.3818359375 0.7265625 0.3251953125 0.7060546875 0.30078125 0.6904296875 0.302734375 0.671875 0.3310546875 0.6640625 0.3642578125 0.6630859375 0.412109375 0.677734375 0.4775390625 0.6943359375 0.494140625 0.7099609375 0.4921875
2 0.8251953125 0.736328125 0.9091796875 0.7421875 0.9638671875 0.7265625 0.978515625 0.7138671875 0.98046875 0.7021484375 0.9697265625 0.6875 0.9404296875 0.673828125 0.8583984375 0.66796875 0.8017578125 0.68359375 0.787109375 0.6962890625 0.7861328125 0.7109375 0.7978515625 0.724609375 0.8251953125 0.736328125
6 0.685546875 0.0849609375 0.5869140625 0.015625 0.5185546875 0.11328125 0.6162109375 0.181640625 0.685546875 0.0849609375
6 0.3291015625 0.060546875 0.3017578125 0.0859375 0.3681640625 0.1796875 0.466796875 0.1123046875 0.3994140625 0.013671875 0.3291015625 0.060546875
6 0.5087890625 0.583984375 0.5009765625 0.595703125 0.5712890625 0.69140625 0.66796875 0.6201171875 0.5966796875 0.521484375 0.5087890625 0.583984375
6 0.0283203125 0.875 0.0263671875 0.8828125 0.0947265625 0.9765625 0.193359375 0.9091796875 0.1240234375 0.80859375 0.0283203125 0.875
3 0.9228515625 0.36328125 0.8740234375 0.375 0.86328125 0.3818359375 0.83984375 0.4267578125 0.8408203125 0.435546875 0.8662109375 0.486328125 0.9248046875 0.498046875 0.970703125 0.4599609375 0.970703125 0.3994140625 0.9228515625 0.36328125
3 0.9111328125 0.845703125 0.86328125 0.8701171875 0.8505859375 0.931640625 0.8876953125 0.9765625 0.9443359375 0.9765625 0.982421875 0.9306640625 0.97265625 0.8740234375 0.9306640625 0.849609375 0.9111328125 0.845703125
3 0.0595703125 0.36328125 0.013671875 0.3994140625 0.0146484375 0.458984375 0.0595703125 0.49609375 0.1142578125 0.486328125 0.123046875 0.4794921875 0.146484375 0.4287109375 0.1181640625 0.375 0.0595703125 0.36328125
3 0.3486328125 0.5625 0.3759765625 0.615234375 0.4345703125 0.626953125 0.48046875 0.5888671875 0.48046875 0.5341796875 0.4345703125 0.494140625 0.3779296875 0.50390625 0.3486328125 0.5625
8 0.5224609375 0.337890625 0.5205078125 0.47265625 0.640625 0.4072265625 0.5224609375 0.337890625
8 0.462890625 0.3369140625 0.3662109375 0.390625 0.3466796875 0.408203125 0.4638671875 0.47265625 0.462890625 0.3369140625
8 0.0302734375 0.517578125 0.0302734375 0.654296875 0.1484375 0.5830078125 0.0302734375 0.517578125
8 0.958984375 0.5263671875 0.8271484375 0.525390625 0.8232421875 0.53125 0.8935546875 0.64453125 0.958984375 0.5263671875
4 0.5576171875 0.181640625 0.501953125 0.2177734375 0.5029296875 0.287109375 0.5615234375 0.3203125 0.5771484375 0.31640625 0.626953125 0.2822265625 0.625 0.2158203125 0.5712890625 0.18359375 0.5576171875 0.181640625
4 0.4111328125 0.18359375 0.359375 0.2158203125 0.3603515625 0.283203125 0.4189453125 0.3203125 0.4443359375 0.30859375 0.482421875 0.2861328125 0.484375 0.2177734375 0.4267578125 0.1796875 0.4111328125 0.18359375
4 0.6669921875 0.572265625 0.6982421875 0.62890625 0.7705078125 0.630859375 0.806640625 0.5673828125 0.7724609375 0.5078125 0.7041015625 0.505859375 0.66796875 0.5615234375 0.6669921875 0.572265625
4 0.0673828125 0.671875 0.01171875 0.7041015625 0.0107421875 0.775390625 0.0673828125 0.810546875 0.0927734375 0.80078125 0.1328125 0.7783203125 0.134765625 0.7080078125 0.0791015625 0.671875 0.0673828125 0.671875
5 0.5595703125 0.765625 0.5947265625 0.86328125 0.6787109375 0.86328125 0.70703125 0.8603515625 0.736328125 0.7548828125 0.6435546875 0.693359375 0.5615234375 0.755859375 0.5595703125 0.765625
5 0.8505859375 0.224609375 0.857421875 0.2138671875 0.859375 0.1103515625 0.7529296875 0.07421875 0.6884765625 0.1640625 0.7509765625 0.251953125 0.8505859375 0.224609375
5 0.1259765625 0.140625 0.12890625 0.2177734375 0.2314453125 0.25 0.296875 0.1630859375 0.296875 0.1552734375 0.2314453125 0.072265625 0.1279296875 0.107421875 0.1259765625 0.140625
5 0.2919921875 0.91015625 0.3671875 0.8818359375 0.365234375 0.7724609375 0.2587890625 0.740234375 0.1962890625 0.83203125 0.2626953125 0.91796875 0.2919921875 0.91015625