1 0.0498046875 0.884765625 0.046875 0.9228515625 0.0166015625 0.923828125 0.013671875 0.9462890625 0.0439453125 0.947265625 0.046875 0.9833984375 0.072265625 0.9853515625 0.07421875 0.9482421875 0.1123046875 0.947265625 0.11328125 0.9267578125 0.0751953125 0.923828125 0.072265625 0.8857421875 0.0498046875 0.884765625
1 0.0537109375 0.02734375 0.048828125 0.0302734375 0.048828125 0.0654296875 0.0166015625 0.068359375 0.013671875 0.0849609375 0.0185546875 0.091796875 0.0478515625 0.091796875 0.048828125 0.1279296875 0.07421875 0.1298828125 0.07421875 0.0947265625 0.1142578125 0.08984375 0.115234375 0.0693359375 0.0771484375 0.06640625 0.07421875 0.0302734375 0.0537109375 0.02734375
1 0.9189453125 0.51953125 0.91796875 0.5556640625 0.8779296875 0.55859375 0.876953125 0.5810546875 0.9150390625 0.58203125 0.91796875 0.6201171875 0.94140625 0.6201171875 0.943359375 0.5830078125 0.9755859375 0.58203125 0.9765625 0.5615234375 0.9443359375 0.55859375 0.94140625 0.5205078125 0.9189453125 0.51953125
1 0.9189453125 0.3984375 0.9140625 0.4013671875 0.9140625 0.4384765625 0.8759765625 0.44140625 0.875 0.4638671875 0.9111328125 0.46484375 0.9140625 0.4970703125 0.9375 0.4990234375 0.9375 0.4677734375 0.9755859375 0.46484375 0.9765625 0.4423828125 0.9384765625 0.439453125 0.9375 0.4013671875 0.9189453125 0.3984375
7 0.1982421875 0.0234375 0.216796875 0.0751953125 0.173828125 0.1044921875 0.2275390625 0.103515625 0.24609375 0.1513671875 0.2587890625 0.1015625 0.310546875 0.1005859375 0.267578125 0.0712890625 0.283203125 0.0224609375 0.2431640625 0.0546875 0.1982421875 0.0234375
7 0.9052734375 0.203125 0.904296875 0.2548828125 0.853515625 0.2685546875 0.90234375 0.2880859375 0.90234375 0.3388671875 0.9326171875 0.296875 0.98046875 0.3154296875 0.951171875 0.2705078125 0.984375 0.2333984375 0.9345703125 0.248046875 0.9052734375 0.203125
7 0.173828125 0.9091796875 0.21484375 0.9404296875 0.1953125 0.9892578125 0.2412109375 0.9609375 0.28125 0.9931640625 0.265625 0.9423828125 0.310546875 0.9130859375 0.2587890625 0.9140625 0.2431640625 0.861328125 0.2255859375 0.912109375 0.173828125 0.9091796875
7 0.7099609375 0.513671875 0.724609375 0.5634765625 0.6796875 0.5927734375 0.7333984375 0.59375 0.748046875 0.6435546875 0.7666015625 0.59375 0.818359375 0.5966796875 0.775390625 0.5673828125 0.7919921875 0.515625 0.7509765625 0.546875 0.7099609375 0.513671875
0 0.3056640625 0.1328125 0.2822265625 0.14453125 0.26953125 0.1591796875 0.26171875 0.1826171875 0.263671875 0.2041015625 0.2880859375 0.236328125 0.3056640625 0.244140625 0.33203125 0.2431640625 0.3525390625 0.234375 0.369140625 0.2158203125 0.375 0.1787109375 0.365234375 0.1552734375 0.3466796875 0.138671875 0.3056640625 0.1328125
0 0.8037109375 0.140625 0.76953125 0.1630859375 0.759765625 0.2041015625 0.767578125 0.2255859375 0.7861328125 0.244140625 0.8056640625 0.251953125 0.828125 0.2509765625 0.8466796875 0.244140625 0.8671875 0.2216796875 0.87109375 0.1806640625 0.861328125 0.1611328125 0.8447265625 0.146484375 0.8037109375 0.140625
0 0.3095703125 0.76953125 0.2880859375 0.77734375 0.271484375 0.7919921875 0.26171875 0.8115234375 0.26171875 0.8388671875 0.2822265625 0.87109375 0.3017578125 0.880859375 0.32421875 0.8818359375 0.3427734375 0.876953125 0.365234375 0.8564453125 0.373046875 0.8154296875 0.361328125 0.7900390625 0.3466796875 0.77734375 0.3095703125 0.76953125
0 0.6591796875 0.625 0.6416015625 0.6328125 0.623046875 0.6533203125 0.6171875 0.6923828125 0.6396484375 0.7265625 0.6630859375 0.736328125 0.685546875 0.7353515625 0.7080078125 0.724609375 0.72265625 0.7080078125 0.728515625 0.6669921875 0.71484375 0.6416015625 0.6982421875 0.62890625 0.6591796875 0.625
2 0.5380859375 0.759765625 0.5126953125 0.76953125 0.498046875 0.7841796875 0.5 0.8017578125 0.5185546875 0.81640625 0.5634765625 0.828125 0.59765625 0.8291015625 0.6650390625 0.818359375 0.69140625 0.7978515625 0.69140625 0.7861328125 0.6669921875 0.765625 0.6142578125 0.75390625 0.5380859375 0.759765625
2 0.3701171875 0.677734375 0.3271484375 0.6875 0.298828125 0.7099609375 0.30078125 0.7236328125 0.3310546875 0.744140625 0.3681640625 0.751953125 0.427734375 0.7509765625 0.4833984375 0.732421875 0.4921875 0.7216796875 0.490234375 0.7041015625 0.4697265625 0.689453125 0.4365234375 0.6796875 0.3701171875 0.677734375
2 0.3251953125 0.2734375 0.30078125 0.2939453125 0.302734375 0.3095703125 0.3310546875 0.328125 0.3642578125 0.3359375 0.412109375 0.3369140625 0.4775390625 0.322265625 0.494140625 0.3056640625 0.4921875 0.2900390625 0.4580078125 0.26953125 0.3818359375 0.26171875 0.3251953125 0.2734375
2 0.7021484375 0.01953125 0.6875 0.0302734375 0.673828125 0.0595703125 0.66796875 0.1416015625 0.68359375 0.1982421875 0.6962890625 0.212890625 0.7109375 0.2138671875 0.724609375 0.2021484375 0.736328125 0.1748046875 0.7421875 0.0908203125 0.7265625 0.0361328125 0.7138671875 0.021484375 0.7021484375 0.01953125
6 0.0849609375 0.314453125 0.015625 0.4130859375 0.11328125 0.4814453125 0.181640625 0.3837890625 0.0849609375 0.314453125
6 0.1796875 0.6318359375 0.1123046875 0.533203125 0.013671875 0.6005859375 0.060546875 0.6708984375 0.0859375 0.6982421875 0.1796875 0.6318359375
6 0.69140625 0.4287109375 0.6201171875 0.33203125 0.521484375 0.4033203125 0.583984375 0.4912109375 0.595703125 0.4990234375 0.69140625 0.4287109375
6 0.9765625 0.9052734375 0.9091796875 0.806640625 0.80859375 0.8759765625 0.875 0.9716796875 0.8828125 0.9736328125 0.9765625 0.9052734375
3 0.375 0.1259765625 0.3818359375 0.13671875 0.4267578125 0.16015625 0.435546875 0.1591796875 0.486328125 0.1337890625 0.498046875 0.0751953125 0.4599609375 0.029296875 0.3994140625 0.029296875 0.36328125 0.0771484375 0.375 0.1259765625
3 0.845703125 0.0888671875 0.8701171875 0.13671875 0.931640625 0.1494140625 0.9765625 0.1123046875 0.9765625 0.0556640625 0.9306640625 0.017578125 0.8740234375 0.02734375 0.849609375 0.0693359375 0.845703125 0.0888671875
3 0.36328125 0.9404296875 0.3994140625 0.986328125 0.458984375 0.9853515625 0.49609375 0.9404296875 0.486328125 0.8857421875 0.4794921875 0.876953125 0.4287109375 0.853515625 0.375 0.8818359375 0.36328125 0.9404296875
3 0.50390625 0.6220703125 0.5625 0.6513671875 0.615234375 0.6240234375 0.626953125 0.5654296875 0.5888671875 0.51953125 0.5341796875 0.51953125 0.494140625 0.5654296875 0.50390625 0.6220703125
8 0.47265625 0.4794921875 0.4072265625 0.359375 0.337890625 0.4775390625 0.47265625 0.4794921875
8 0.3369140625 0.537109375 0.390625 0.6337890625 0.408203125 0.6533203125 0.47265625 0.5361328125 0.3369140625 0.537109375
8 0.654296875 0.9697265625 0.5830078125 0.8515625 0.517578125 0.9697265625 0.654296875 0.9697265625
8 0.5263671875 0.041015625 0.525390625 0.1728515625 0.53125 0.1767578125 0.64453125 0.1064453125 0.5263671875 0.041015625
4 0.181640625 0.4423828125 0.2177734375 0.498046875 0.287109375 0.4970703125 0.3203125 0.4384765625 0.31640625 0.4228515625 0.2822265625 0.373046875 0.2158203125 0.375 0.18359375 0.4287109375 0.181640625 0.4423828125
4 0.18359375 0.5888671875 0.2158203125 0.640625 0.283203125 0.6396484375 0.3203125 0.5810546875 0.30859375 0.5556640625 0.2861328125 0.517578125 0.2177734375 0.515625 0.1796875 0.5732421875 0.18359375 0.5888671875
4 0.5615234375 0.33203125 0.572265625 0.3330078125 0.62890625 0.3017578125 0.630859375 0.2294921875 0.5673828125 0.193359375 0.5078125 0.2275390625 0.505859375 0.2958984375 0.5615234375 0.33203125
4 0.671875 0.9326171875 0.7041015625 0.98828125 0.775390625 0.9892578125 0.810546875 0.9326171875 0.80078125 0.9072265625 0.7783203125 0.8671875 0.7080078125 0.865234375 0.671875 0.9208984375 0.671875 0.9326171875
5 0.755859375 0.4384765625 0.765625 0.4404296875 0.86328125 0.4052734375 0.86328125 0.3212890625 0.8603515625 0.29296875 0.7548828125 0.263671875 0.693359375 0.3564453125 0.755859375 0.4384765625
5 0.1640625 0.3115234375 0.251953125 0.2490234375 0.224609375 0.1494140625 0.2138671875 0.142578125 0.1103515625 0.140625 0.07421875 0.2470703125 0.1640625 0.3115234375
5 0.107421875 0.8720703125 0.140625 0.8740234375 0.2177734375 0.87109375 0.25 0.7685546875 0.1630859375 0.703125 0.1552734375 0.703125 0.072265625 0.7685546875 0.107421875 0.8720703125
5 0.83203125 0.8037109375 0.91796875 0.7373046875 0.91015625 0.7080078125 0.8818359375 0.6328125 0.7724609375 0.634765625 0.740234375 0.7412109375 0.83203125 0.8037109375