1 0.1005859375 0.49609375 0.10546875 0.5615234375 0.1318359375 0.564453125 0.13671875 0.4990234375 0.2060546875 0.494140625 0.208984375 0.4716796875 0.1376953125 0.466796875 0.134765625 0.3994140625 0.1103515625 0.39453125 0.10546875 0.3994140625 0.103515625 0.4658203125 0.0478515625 0.46875 0.0458984375 0.490234375 0.1005859375 0.49609375
1 0.767578125 0.6025390625 0.7685546875 0.619140625 0.8046875 0.6318359375 0.796875 0.6748046875 0.8251953125 0.6875 0.837890625 0.6865234375 0.8525390625 0.6484375 0.8974609375 0.66015625 0.91015625 0.6279296875 0.9072265625 0.6171875 0.869140625 0.6005859375 0.87890625 0.5615234375 0.8447265625 0.546875 0.8251953125 0.5859375 0.7822265625 0.57421875 0.767578125 0.6025390625
1 0.1904296875 0.828125 0.1669921875 0.796875 0.1416015625 0.794921875 0.130859375 0.8056640625 0.12890625 0.8193359375 0.14453125 0.8583984375 0.1171875 0.8779296875 0.1083984375 0.8984375 0.111328125 0.9091796875 0.1298828125 0.921875 0.1728515625 0.904296875 0.2021484375 0.939453125 0.2236328125 0.939453125 0.232421875 0.9326171875 0.236328125 0.9150390625 0.220703125 0.8759765625 0.248046875 0.8583984375 0.259765625 0.8388671875 0.255859375 0.8251953125 0.2451171875 0.814453125 0.2314453125 0.8125 0.1904296875 0.828125
1 0.51953125 0.0556640625 0.51171875 0.1083984375 0.4599609375 0.1171875 0.44921875 0.1279296875 0.4482421875 0.1484375 0.4619140625 0.166015625 0.5126953125 0.171875 0.5234375 0.2314453125 0.5458984375 0.23828125 0.568359375 0.2236328125 0.57421875 0.1728515625 0.6279296875 0.162109375 0.638671875 0.1513671875 0.640625 0.1337890625 0.6259765625 0.11328125 0.5751953125 0.109375 0.56640625 0.0556640625 0.5419921875 0.04296875 0.51953125 0.0556640625
1 0.7060546875 0.5859375 0.6552734375 0.580078125 0.646484375 0.5302734375 0.6357421875 0.517578125 0.6142578125 0.513671875 0.5986328125 0.51953125 0.58984375 0.5322265625 0.58203125 0.5791015625 0.5341796875 0.587890625 0.51953125 0.6025390625 0.5166015625 0.625 0.51953125 0.6357421875 0.5361328125 0.6484375 0.5830078125 0.654296875 0.5859375 0.6904296875 0.595703125 0.7138671875 0.6240234375 0.720703125 0.6396484375 0.71484375 0.650390625 0.7021484375 0.654296875 0.6533203125 0.7060546875 0.64453125 0.720703125 0.6298828125 0.72265625 0.6123046875 0.71875 0.5966796875 0.7060546875 0.5859375
1 0.697265625 0.2060546875 0.626953125 0.2138671875 0.6259765625 0.27734375 0.6962890625 0.28125 0.69921875 0.3486328125 0.7626953125 0.3515625 0.767578125 0.2822265625 0.8330078125 0.279296875 0.837890625 0.2744140625 0.837890625 0.2177734375 0.8330078125 0.2109375 0.7705078125 0.2109375 0.765625 0.2060546875 0.7646484375 0.138671875 0.7021484375 0.138671875 0.697265625 0.1435546875 0.697265625 0.2060546875
1 0.154296875 0.6416015625 0.1533203125 0.654296875 0.208984375 0.6865234375 0.181640625 0.7490234375 0.2353515625 0.78125 0.2744140625 0.72265625 0.3369140625 0.751953125 0.3671875 0.7001953125 0.3642578125 0.689453125 0.310546875 0.6572265625 0.33984375 0.5947265625 0.2861328125 0.564453125 0.279296875 0.5654296875 0.2470703125 0.623046875 0.1826171875 0.59375 0.154296875 0.6416015625
1 0.5341796875 0.87109375 0.5400390625 0.939453125 0.6025390625 0.939453125 0.6083984375 0.87109375 0.6796875 0.8662109375 0.6796875 0.7998046875 0.6083984375 0.796875 0.60546875 0.7294921875 0.5478515625 0.7265625 0.537109375 0.7353515625 0.5341796875 0.796875 0.46484375 0.7998046875 0.4658203125 0.8671875 0.5341796875 0.87109375
1 0.4580078125 0.400390625 0.388671875 0.4072265625 0.3896484375 0.47265625 0.4580078125 0.4765625 0.462890625 0.5439453125 0.5244140625 0.546875 0.53125 0.5419921875 0.5341796875 0.4765625 0.6005859375 0.474609375 0.60546875 0.4697265625 0.60546875 0.4072265625 0.5966796875 0.40234375 0.5341796875 0.40234375 0.53125 0.3349609375 0.4677734375 0.33203125 0.462890625 0.3369140625 0.4580078125 0.400390625
1 0.0751953125 0.150390625 0.0703125 0.1552734375 0.0712890625 0.255859375 0.0771484375 0.26171875 0.1806640625 0.26171875 0.1865234375 0.37109375 0.2880859375 0.369140625 0.2919921875 0.263671875 0.3974609375 0.26171875 0.404296875 0.2568359375 0.404296875 0.1572265625 0.3994140625 0.15234375 0.2939453125 0.150390625 0.2880859375 0.04296875 0.1884765625 0.04296875 0.1806640625 0.150390625 0.0751953125 0.150390625
1 0.955078125 0.8681640625 0.923828125 0.8310546875 0.966796875 0.7919921875 0.9765625 0.7744140625 0.978515625 0.7490234375 0.96875 0.7255859375 0.9541015625 0.720703125 0.9443359375 0.708984375 0.9208984375 0.70703125 0.8974609375 0.716796875 0.8525390625 0.751953125 0.8134765625 0.708984375 0.7958984375 0.69921875 0.7724609375 0.697265625 0.7490234375 0.70703125 0.732421875 0.7314453125 0.73046875 0.7548828125 0.740234375 0.7802734375 0.775390625 0.8212890625 0.734375 0.8583984375 0.732421875 0.8701171875 0.72265625 0.8779296875 0.7216796875 0.904296875 0.73046875 0.9267578125 0.7548828125 0.943359375 0.7802734375 0.9453125 0.7919921875 0.935546875 0.8037109375 0.935546875 0.8466796875 0.90234375 0.8837890625 0.943359375 0.9033203125 0.955078125 0.9208984375 0.9609375 0.9404296875 0.9453125 0.9482421875 0.947265625 0.966796875 0.9208984375 0.96875 0.8974609375 0.955078125 0.8681640625