1 0.1396484375 0.46875 0.134765625 0.3994140625 0.1083984375 0.39453125 0.103515625 0.3994140625 0.1015625 0.4658203125 0.0478515625 0.46875 0.044921875 0.4912109375 0.0986328125 0.49609375 0.103515625 0.5009765625 0.103515625 0.5615234375 0.134765625 0.5634765625 0.13671875 0.4990234375 0.2021484375 0.49609375 0.208984375 0.4931640625 0.2109375 0.4775390625 0.2060546875 0.46875 0.1396484375 0.46875
1 0.87890625 0.5615234375 0.8466796875 0.546875 0.83984375 0.5478515625 0.8251953125 0.5859375 0.7822265625 0.57421875 0.765625 0.6103515625 0.7666015625 0.619140625 0.7998046875 0.630859375 0.806640625 0.6396484375 0.796875 0.6767578125 0.8359375 0.6884765625 0.8544921875 0.650390625 0.8974609375 0.66015625 0.91015625 0.6318359375 0.9072265625 0.6171875 0.869140625 0.6005859375 0.87890625 0.5615234375
1 0.2412109375 0.814453125 0.2294921875 0.814453125 0.1904296875 0.830078125 0.1650390625 0.796875 0.1435546875 0.794921875 0.12890625 0.8154296875 0.146484375 0.8583984375 0.111328125 0.8857421875 0.111328125 0.9072265625 0.1318359375 0.919921875 0.1728515625 0.90234375 0.1943359375 0.931640625 0.21484375 0.9404296875 0.234375 0.9248046875 0.232421875 0.9033203125 0.216796875 0.8779296875 0.25390625 0.8466796875 0.25 0.8232421875 0.2412109375 0.814453125
1 0.6259765625 0.11328125 0.5771484375 0.109375 0.56640625 0.0556640625 0.5556640625 0.044921875 0.5400390625 0.04296875 0.5263671875 0.046875 0.517578125 0.0576171875 0.51171875 0.1083984375 0.4599609375 0.1171875 0.44921875 0.1279296875 0.447265625 0.1435546875 0.4619140625 0.166015625 0.5126953125 0.171875 0.513671875 0.2001953125 0.5234375 0.2294921875 0.5341796875 0.236328125 0.552734375 0.2353515625 0.5703125 0.2216796875 0.57421875 0.1728515625 0.6279296875 0.162109375 0.638671875 0.1513671875 0.640625 0.1357421875 0.6259765625 0.11328125
1 0.72265625 0.6123046875 0.71875 0.5966796875 0.7060546875 0.5859375 0.6552734375 0.580078125 0.646484375 0.5302734375 0.6357421875 0.517578125 0.6181640625 0.51171875 0.58984375 0.5283203125 0.583984375 0.5771484375 0.5341796875 0.587890625 0.521484375 0.5986328125 0.515625 0.6240234375 0.5341796875 0.6484375 0.5830078125 0.654296875 0.5859375 0.6923828125 0.595703125 0.7138671875 0.625 0.7197265625 0.6376953125 0.716796875 0.650390625 0.7021484375 0.654296875 0.6552734375 0.7080078125 0.64453125 0.720703125 0.6298828125 0.72265625 0.6123046875
1 0.7705078125 0.2109375 0.765625 0.2060546875 0.7646484375 0.140625 0.7021484375 0.138671875 0.697265625 0.1435546875 0.697265625 0.2060546875 0.6923828125 0.2109375 0.6279296875 0.212890625 0.625 0.2744140625 0.6298828125 0.279296875 0.697265625 0.2822265625 0.7001953125 0.3515625 0.763671875 0.3505859375 0.765625 0.2841796875 0.7705078125 0.279296875 0.8369140625 0.27734375 0.837890625 0.2177734375 0.8271484375 0.2109375 0.7705078125 0.2109375
1 0.33984375 0.5947265625 0.2841796875 0.564453125 0.2470703125 0.623046875 0.1826171875 0.59375 0.15234375 0.6455078125 0.1572265625 0.65625 0.2109375 0.6865234375 0.181640625 0.7509765625 0.23828125 0.7802734375 0.2744140625 0.72265625 0.3388671875 0.75 0.3671875 0.6982421875 0.3623046875 0.689453125 0.30859375 0.6572265625 0.33984375 0.5947265625
1 0.6044921875 0.7265625 0.5439453125 0.7265625 0.537109375 0.7333984375 0.5361328125 0.796875 0.46484375 0.7998046875 0.46484375 0.8662109375 0.5361328125 0.87109375 0.5400390625 0.939453125 0.60546875 0.9384765625 0.607421875 0.8720703125 0.6787109375 0.869140625 0.681640625 0.8056640625 0.6708984375 0.796875 0.607421875 0.7939453125 0.6044921875 0.7265625
1 0.53125 0.3349609375 0.4677734375 0.33203125 0.462890625 0.3349609375 0.4599609375 0.40234375 0.3935546875 0.40234375 0.388671875 0.4072265625 0.388671875 0.4716796875 0.4580078125 0.4765625 0.4658203125 0.544921875 0.529296875 0.5439453125 0.5341796875 0.4765625 0.60546875 0.4716796875 0.60546875 0.4072265625 0.5947265625 0.40234375 0.5341796875 0.40234375 0.53125 0.3349609375
1 0.9765625 0.7724609375 0.978515625 0.7509765625 0.96875 0.7275390625 0.9423828125 0.708984375 0.9169921875 0.708984375 0.8935546875 0.71875 0.8525390625 0.75 0.8154296875 0.7109375 0.7958984375 0.69921875 0.7509765625 0.705078125 0.732421875 0.7314453125 0.73046875 0.7548828125 0.73828125 0.7783203125 0.7734375 0.8212890625 0.734375 0.8583984375 0.72265625 0.8779296875 0.720703125 0.8994140625 0.734375 0.9306640625 0.7587890625 0.943359375 0.7802734375 0.943359375 0.8017578125 0.935546875 0.8447265625 0.90234375 0.8798828125 0.939453125 0.9013671875 0.953125 0.92578125 0.9560546875 0.9482421875 0.9453125 0.966796875 0.9169921875 0.958984375 0.8759765625 0.92578125 0.8310546875 0.96484375 0.7939453125 0.9765625 0.7724609375
1 0.2939453125 0.150390625 0.291015625 0.0458984375 0.2861328125 0.041015625 0.1865234375 0.04296875 0.1826171875 0.150390625 0.0703125 0.1552734375 0.0703125 0.2568359375 0.0791015625 0.26171875 0.1806640625 0.26171875 0.185546875 0.2744140625 0.185546875 0.3662109375 0.28515625 0.3701171875 0.291015625 0.3642578125 0.2939453125 0.26171875 0.404296875 0.2587890625 0.404296875 0.1552734375 0.3876953125 0.150390625 0.2939453125 0.150390625