1 0.7919921875 0.53125 0.861328125 0.5341796875 0.8681640625 0.60546875 0.89453125 0.6025390625 0.896484375 0.5361328125 0.9013671875 0.53125 0.9521484375 0.53125 0.955078125 0.5224609375 0.9521484375 0.505859375 0.896484375 0.5009765625 0.8935546875 0.435546875 0.865234375 0.4384765625 0.86328125 0.4990234375 0.8583984375 0.50390625 0.7900390625 0.5078125 0.7919921875 0.53125
1 0.0888671875 0.3828125 0.126953125 0.3974609375 0.119140625 0.4404296875 0.1494140625 0.453125 0.162109375 0.4521484375 0.1767578125 0.416015625 0.2197265625 0.42578125 0.234375 0.3916015625 0.2314453125 0.37890625 0.1953125 0.3642578125 0.203125 0.3212890625 0.1728515625 0.310546875 0.158203125 0.3154296875 0.1455078125 0.34765625 0.1025390625 0.337890625 0.0888671875 0.373046875 0.0888671875 0.3828125
1 0.7421875 0.1728515625 0.7568359375 0.1875 0.7822265625 0.185546875 0.8056640625 0.171875 0.8369140625 0.20703125 0.8583984375 0.20703125 0.869140625 0.1982421875 0.873046875 0.1806640625 0.857421875 0.1416015625 0.890625 0.1142578125 0.890625 0.0908203125 0.8759765625 0.078125 0.8623046875 0.078125 0.8271484375 0.09375 0.7998046875 0.060546875 0.7763671875 0.05859375 0.763671875 0.0712890625 0.76171875 0.0849609375 0.77734375 0.1220703125 0.75 0.1435546875 0.7412109375 0.158203125 0.7421875 0.1728515625
1 0.357421875 0.8740234375 0.3701171875 0.888671875 0.421875 0.8955078125 0.4296875 0.9443359375 0.4560546875 0.9609375 0.482421875 0.9482421875 0.4931640625 0.892578125 0.5419921875 0.88671875 0.55859375 0.8583984375 0.552734375 0.8427734375 0.5380859375 0.830078125 0.4912109375 0.826171875 0.478515625 0.7666015625 0.4580078125 0.759765625 0.4404296875 0.76171875 0.427734375 0.7744140625 0.4189453125 0.828125 0.3740234375 0.83203125 0.3564453125 0.85546875 0.357421875 0.8740234375
1 0.283203125 0.4033203125 0.2958984375 0.4140625 0.345703125 0.4228515625 0.353515625 0.4697265625 0.3623046875 0.48046875 0.3837890625 0.486328125 0.408203125 0.4716796875 0.416015625 0.4521484375 0.416015625 0.4228515625 0.4677734375 0.41015625 0.48046875 0.3974609375 0.484375 0.3798828125 0.478515625 0.3642578125 0.4658203125 0.353515625 0.4150390625 0.345703125 0.404296875 0.2900390625 0.3759765625 0.28125 0.349609375 0.2978515625 0.345703125 0.3447265625 0.2919921875 0.357421875 0.2783203125 0.380859375 0.283203125 0.4033203125
1 0.16015625 0.7802734375 0.1650390625 0.7890625 0.232421875 0.7900390625 0.2373046875 0.861328125 0.2978515625 0.861328125 0.302734375 0.8564453125 0.3056640625 0.791015625 0.3720703125 0.7890625 0.375 0.7841796875 0.375 0.7236328125 0.3056640625 0.71875 0.2978515625 0.6484375 0.2373046875 0.6484375 0.2314453125 0.71875 0.1611328125 0.724609375 0.16015625 0.7802734375
1 0.39453125 0.5947265625 0.4658203125 0.599609375 0.4716796875 0.66796875 0.5341796875 0.66796875 0.5419921875 0.599609375 0.611328125 0.5947265625 0.611328125 0.5283203125 0.5400390625 0.5234375 0.537109375 0.4580078125 0.5302734375 0.453125 0.46875 0.4560546875 0.4658203125 0.5234375 0.3955078125 0.52734375 0.39453125 0.5947265625
1 0.6337890625 0.310546875 0.6875 0.3408203125 0.6875 0.3505859375 0.658203125 0.4033203125 0.7119140625 0.435546875 0.72265625 0.4345703125 0.7548828125 0.37890625 0.8173828125 0.408203125 0.849609375 0.3505859375 0.791015625 0.3115234375 0.8203125 0.2509765625 0.7666015625 0.21875 0.755859375 0.2216796875 0.7255859375 0.275390625 0.6611328125 0.248046875 0.6318359375 0.30078125 0.6337890625 0.310546875
1 0.318359375 0.1982421875 0.3251953125 0.203125 0.3896484375 0.203125 0.392578125 0.2685546875 0.3974609375 0.2734375 0.4521484375 0.2734375 0.4609375 0.2685546875 0.4638671875 0.205078125 0.53515625 0.2001953125 0.53515625 0.1337890625 0.5283203125 0.12890625 0.4638671875 0.126953125 0.4599609375 0.060546875 0.3955078125 0.060546875 0.3896484375 0.12890625 0.3271484375 0.12890625 0.3193359375 0.134765625 0.318359375 0.1982421875
1 0.0234375 0.2529296875 0.033203125 0.2744140625 0.0615234375 0.291015625 0.0830078125 0.291015625 0.1005859375 0.283203125 0.1474609375 0.25 0.1806640625 0.28515625 0.2060546875 0.30078125 0.2470703125 0.294921875 0.265625 0.2705078125 0.267578125 0.2412109375 0.259765625 0.2197265625 0.2265625 0.1787109375 0.279296875 0.1201171875 0.279296875 0.0966796875 0.265625 0.0693359375 0.2431640625 0.056640625 0.2197265625 0.056640625 0.1982421875 0.064453125 0.1572265625 0.09765625 0.0986328125 0.046875 0.0771484375 0.04296875 0.0498046875 0.0546875 0.033203125 0.0791015625 0.033203125 0.1064453125 0.07421875 0.1708984375 0.03515625 0.2060546875 0.0244140625 0.234375 0.0234375 0.2529296875
1 0.59375 0.8466796875 0.7060546875 0.8515625 0.708984375 0.9560546875 0.7177734375 0.9609375 0.814453125 0.9560546875 0.8173828125 0.8515625 0.9296875 0.8466796875 0.9296875 0.7412109375 0.8193359375 0.736328125 0.8115234375 0.62890625 0.708984375 0.6298828125 0.7060546875 0.736328125 0.5947265625 0.740234375 0.59375 0.8466796875