1 0.7939453125 0.53125 0.86328125 0.5341796875 0.8681640625 0.603515625 0.8916015625 0.603515625 0.896484375 0.5966796875 0.8994140625 0.53125 0.955078125 0.5283203125 0.9521484375 0.505859375 0.896484375 0.5029296875 0.896484375 0.4404296875 0.8916015625 0.435546875 0.865234375 0.4384765625 0.8623046875 0.50390625 0.7919921875 0.505859375 0.7939453125 0.53125
1 0.0908203125 0.3828125 0.130859375 0.3994140625 0.119140625 0.4404296875 0.1513671875 0.453125 0.162109375 0.4501953125 0.1748046875 0.4140625 0.2197265625 0.42578125 0.234375 0.3896484375 0.2333984375 0.380859375 0.193359375 0.3662109375 0.203125 0.3232421875 0.1708984375 0.310546875 0.16015625 0.3134765625 0.1455078125 0.349609375 0.1025390625 0.337890625 0.0888671875 0.375 0.0908203125 0.3828125
1 0.7548828125 0.18359375 0.7802734375 0.18359375 0.8095703125 0.169921875 0.8369140625 0.203125 0.8583984375 0.203125 0.87109375 0.1845703125 0.853515625 0.1416015625 0.888671875 0.1142578125 0.888671875 0.0927734375 0.8681640625 0.080078125 0.8251953125 0.09765625 0.7978515625 0.0625 0.7763671875 0.0625 0.763671875 0.0810546875 0.78125 0.1240234375 0.751953125 0.1455078125 0.7451171875 0.16015625 0.7548828125 0.18359375
1 0.361328125 0.8740234375 0.3720703125 0.884765625 0.42578125 0.8935546875 0.43359375 0.9443359375 0.4560546875 0.95703125 0.4697265625 0.955078125 0.482421875 0.9423828125 0.4912109375 0.888671875 0.5400390625 0.8828125 0.552734375 0.8642578125 0.55078125 0.8447265625 0.5419921875 0.8359375 0.486328125 0.8271484375 0.48046875 0.7802734375 0.4716796875 0.765625 0.4560546875 0.763671875 0.431640625 0.7763671875 0.4208984375 0.83203125 0.3740234375 0.8359375 0.3603515625 0.857421875 0.361328125 0.8740234375
1 0.28125 0.4013671875 0.2958984375 0.4140625 0.345703125 0.4208984375 0.34765625 0.4580078125 0.3642578125 0.482421875 0.3779296875 0.486328125 0.4013671875 0.48046875 0.41015625 0.4697265625 0.4189453125 0.41796875 0.4501953125 0.41796875 0.4677734375 0.41015625 0.484375 0.3857421875 0.48046875 0.3662109375 0.4677734375 0.353515625 0.4140625 0.3447265625 0.41015625 0.2978515625 0.3994140625 0.283203125 0.3818359375 0.279296875 0.3623046875 0.283203125 0.349609375 0.2978515625 0.3447265625 0.34765625 0.2919921875 0.35546875 0.2783203125 0.37890625 0.28125 0.4013671875
1 0.1650390625 0.7890625 0.232421875 0.7900390625 0.2353515625 0.861328125 0.2998046875 0.861328125 0.302734375 0.7939453125 0.3076171875 0.7890625 0.3720703125 0.7890625 0.375 0.7841796875 0.3720703125 0.720703125 0.302734375 0.7177734375 0.2998046875 0.6484375 0.234375 0.6494140625 0.2314453125 0.720703125 0.1630859375 0.72265625 0.1650390625 0.7890625
1 0.6376953125 0.310546875 0.69140625 0.3408203125 0.66015625 0.4033203125 0.7158203125 0.435546875 0.7529296875 0.376953125 0.8173828125 0.40625 0.84765625 0.3525390625 0.8466796875 0.345703125 0.7890625 0.3154296875 0.818359375 0.2490234375 0.7646484375 0.21875 0.7578125 0.2216796875 0.7275390625 0.27734375 0.6630859375 0.248046875 0.6337890625 0.30078125 0.6376953125 0.310546875
1 0.318359375 0.1982421875 0.3271484375 0.203125 0.3896484375 0.203125 0.3955078125 0.271484375 0.4599609375 0.271484375 0.4658203125 0.203125 0.53515625 0.2001953125 0.53515625 0.1318359375 0.4638671875 0.12890625 0.4599609375 0.060546875 0.3955078125 0.060546875 0.3916015625 0.12890625 0.3193359375 0.134765625 0.318359375 0.1982421875
1 0.39453125 0.5947265625 0.4658203125 0.59765625 0.4716796875 0.66796875 0.537109375 0.6650390625 0.5419921875 0.59765625 0.611328125 0.5947265625 0.611328125 0.5283203125 0.5400390625 0.5234375 0.5361328125 0.455078125 0.4716796875 0.455078125 0.4658203125 0.5234375 0.3955078125 0.525390625 0.39453125 0.5947265625
1 0.0234375 0.2509765625 0.03125 0.2724609375 0.0556640625 0.2890625 0.0830078125 0.291015625 0.1025390625 0.283203125 0.1474609375 0.25 0.2041015625 0.30078125 0.2294921875 0.30078125 0.2509765625 0.29296875 0.267578125 0.2666015625 0.26953125 0.2451171875 0.259765625 0.2197265625 0.2265625 0.1767578125 0.263671875 0.1435546875 0.27734375 0.1220703125 0.27734375 0.0947265625 0.26953125 0.0751953125 0.2431640625 0.056640625 0.2177734375 0.056640625 0.1533203125 0.09765625 0.1220703125 0.0625 0.0986328125 0.046875 0.0751953125 0.04296875 0.0615234375 0.0546875 0.0517578125 0.0546875 0.03515625 0.0771484375 0.033203125 0.1044921875 0.07421875 0.1708984375 0.03515625 0.2080078125 0.0244140625 0.228515625 0.0234375 0.2509765625
1 0.595703125 0.8447265625 0.7060546875 0.849609375 0.7138671875 0.958984375 0.814453125 0.9560546875 0.8173828125 0.849609375 0.9296875 0.8466796875 0.9296875 0.7412109375 0.8173828125 0.73828125 0.814453125 0.6318359375 0.8095703125 0.62890625 0.7109375 0.6298828125 0.7060546875 0.73828125 0.5966796875 0.740234375 0.595703125 0.8447265625