1 0.53125 0.2080078125 0.5341796875 0.138671875 0.60546875 0.1318359375 0.6025390625 0.10546875 0.5361328125 0.103515625 0.53125 0.0986328125 0.53125 0.0478515625 0.5224609375 0.044921875 0.505859375 0.0478515625 0.5009765625 0.103515625 0.435546875 0.1064453125 0.4384765625 0.134765625 0.4990234375 0.13671875 0.50390625 0.1416015625 0.5078125 0.2099609375 0.53125 0.2080078125
1 0.3828125 0.9111328125 0.3974609375 0.873046875 0.4404296875 0.880859375 0.453125 0.8505859375 0.4521484375 0.837890625 0.416015625 0.8232421875 0.42578125 0.7802734375 0.3916015625 0.765625 0.37890625 0.7685546875 0.3642578125 0.8046875 0.3212890625 0.796875 0.310546875 0.8271484375 0.3154296875 0.841796875 0.34765625 0.8544921875 0.337890625 0.8974609375 0.373046875 0.9111328125 0.3828125 0.9111328125
1 0.1728515625 0.2578125 0.1875 0.2431640625 0.185546875 0.2177734375 0.171875 0.1943359375 0.20703125 0.1630859375 0.20703125 0.1416015625 0.1982421875 0.130859375 0.1806640625 0.126953125 0.1416015625 0.142578125 0.1142578125 0.109375 0.0908203125 0.109375 0.078125 0.1240234375 0.078125 0.1376953125 0.09375 0.1728515625 0.060546875 0.2001953125 0.05859375 0.2236328125 0.0712890625 0.236328125 0.0849609375 0.23828125 0.1220703125 0.22265625 0.1435546875 0.25 0.158203125 0.2587890625 0.1728515625 0.2578125
1 0.8740234375 0.642578125 0.888671875 0.6298828125 0.8955078125 0.578125 0.9443359375 0.5703125 0.9609375 0.5439453125 0.9482421875 0.517578125 0.892578125 0.5068359375 0.88671875 0.4580078125 0.8583984375 0.44140625 0.8427734375 0.447265625 0.830078125 0.4619140625 0.826171875 0.5087890625 0.7666015625 0.521484375 0.759765625 0.5419921875 0.76171875 0.5595703125 0.7744140625 0.572265625 0.828125 0.5810546875 0.83203125 0.6259765625 0.85546875 0.6435546875 0.8740234375 0.642578125
1 0.4033203125 0.716796875 0.4140625 0.7041015625 0.4228515625 0.654296875 0.4697265625 0.646484375 0.48046875 0.6376953125 0.486328125 0.6162109375 0.4716796875 0.591796875 0.4521484375 0.583984375 0.4228515625 0.583984375 0.41015625 0.5322265625 0.3974609375 0.51953125 0.3798828125 0.515625 0.3642578125 0.521484375 0.353515625 0.5341796875 0.345703125 0.5849609375 0.2900390625 0.595703125 0.28125 0.6240234375 0.2978515625 0.650390625 0.3447265625 0.654296875 0.357421875 0.7080078125 0.380859375 0.7216796875 0.4033203125 0.716796875
1 0.7802734375 0.83984375 0.7890625 0.8349609375 0.7900390625 0.767578125 0.861328125 0.7626953125 0.861328125 0.7021484375 0.8564453125 0.697265625 0.791015625 0.6943359375 0.7890625 0.6279296875 0.7841796875 0.625 0.7236328125 0.625 0.71875 0.6943359375 0.6484375 0.7021484375 0.6484375 0.7626953125 0.71875 0.7685546875 0.724609375 0.8388671875 0.7802734375 0.83984375
1 0.5947265625 0.60546875 0.599609375 0.5341796875 0.66796875 0.5283203125 0.66796875 0.4658203125 0.599609375 0.4580078125 0.5947265625 0.388671875 0.5283203125 0.388671875 0.5234375 0.4599609375 0.4580078125 0.462890625 0.453125 0.4697265625 0.4560546875 0.53125 0.5234375 0.5341796875 0.52734375 0.6044921875 0.5947265625 0.60546875
1 0.310546875 0.3662109375 0.3408203125 0.3125 0.3505859375 0.3125 0.4033203125 0.341796875 0.435546875 0.2880859375 0.4345703125 0.27734375 0.37890625 0.2451171875 0.408203125 0.1826171875 0.3505859375 0.150390625 0.3115234375 0.208984375 0.2509765625 0.1796875 0.21875 0.2333984375 0.2216796875 0.244140625 0.275390625 0.2744140625 0.248046875 0.3388671875 0.30078125 0.3681640625 0.310546875 0.3662109375
1 0.1982421875 0.681640625 0.203125 0.6748046875 0.203125 0.6103515625 0.2685546875 0.607421875 0.2734375 0.6025390625 0.2734375 0.5478515625 0.2685546875 0.5390625 0.205078125 0.5361328125 0.2001953125 0.46484375 0.1337890625 0.46484375 0.12890625 0.4716796875 0.126953125 0.5361328125 0.060546875 0.5400390625 0.060546875 0.6044921875 0.12890625 0.6103515625 0.12890625 0.6728515625 0.134765625 0.6806640625 0.1982421875 0.681640625
1 0.2529296875 0.9765625 0.2744140625 0.966796875 0.291015625 0.9384765625 0.291015625 0.9169921875 0.283203125 0.8994140625 0.25 0.8525390625 0.28515625 0.8193359375 0.30078125 0.7939453125 0.294921875 0.7529296875 0.2705078125 0.734375 0.2412109375 0.732421875 0.2197265625 0.740234375 0.1787109375 0.7734375 0.1201171875 0.720703125 0.0966796875 0.720703125 0.0693359375 0.734375 0.056640625 0.7568359375 0.056640625 0.7802734375 0.064453125 0.8017578125 0.09765625 0.8427734375 0.046875 0.9013671875 0.04296875 0.9228515625 0.0546875 0.9501953125 0.0791015625 0.966796875 0.1064453125 0.966796875 0.1708984375 0.92578125 0.2060546875 0.96484375 0.234375 0.9755859375 0.2529296875 0.9765625
1 0.8466796875 0.40625 0.8515625 0.2939453125 0.9560546875 0.291015625 0.9609375 0.2822265625 0.9560546875 0.185546875 0.8515625 0.1826171875 0.8466796875 0.0703125 0.7412109375 0.0703125 0.736328125 0.1806640625 0.62890625 0.1884765625 0.6298828125 0.291015625 0.736328125 0.2939453125 0.740234375 0.4052734375 0.8466796875 0.40625