1 0.46875 0.7939453125 0.4658203125 0.86328125 0.396484375 0.8681640625 0.396484375 0.8916015625 0.4033203125 0.896484375 0.46875 0.8994140625 0.4716796875 0.955078125 0.494140625 0.9521484375 0.4970703125 0.896484375 0.5595703125 0.896484375 0.564453125 0.8916015625 0.5615234375 0.865234375 0.49609375 0.8623046875 0.494140625 0.7919921875 0.46875 0.7939453125
1 0.6171875 0.0908203125 0.6005859375 0.130859375 0.5595703125 0.119140625 0.546875 0.1513671875 0.5498046875 0.162109375 0.5859375 0.1748046875 0.57421875 0.2197265625 0.6103515625 0.234375 0.619140625 0.2333984375 0.6337890625 0.193359375 0.6767578125 0.203125 0.689453125 0.1708984375 0.6865234375 0.16015625 0.650390625 0.1455078125 0.662109375 0.1025390625 0.625 0.0888671875 0.6171875 0.0908203125
1 0.81640625 0.7548828125 0.81640625 0.7802734375 0.830078125 0.8095703125 0.796875 0.8369140625 0.796875 0.8583984375 0.8154296875 0.87109375 0.8583984375 0.853515625 0.8857421875 0.888671875 0.9072265625 0.888671875 0.919921875 0.8681640625 0.90234375 0.8251953125 0.9375 0.7978515625 0.9375 0.7763671875 0.9189453125 0.763671875 0.8759765625 0.78125 0.8544921875 0.751953125 0.83984375 0.7451171875 0.81640625 0.7548828125
1 0.1259765625 0.361328125 0.115234375 0.3720703125 0.1064453125 0.42578125 0.0556640625 0.43359375 0.04296875 0.4560546875 0.044921875 0.4697265625 0.0576171875 0.482421875 0.111328125 0.4912109375 0.1171875 0.5400390625 0.1357421875 0.552734375 0.1552734375 0.55078125 0.1640625 0.5419921875 0.1728515625 0.486328125 0.2197265625 0.48046875 0.234375 0.4716796875 0.236328125 0.4560546875 0.2236328125 0.431640625 0.16796875 0.4208984375 0.1640625 0.3740234375 0.142578125 0.3603515625 0.1259765625 0.361328125
1 0.5986328125 0.28125 0.5859375 0.2958984375 0.5791015625 0.345703125 0.5419921875 0.34765625 0.517578125 0.3642578125 0.513671875 0.3779296875 0.51953125 0.4013671875 0.5302734375 0.41015625 0.58203125 0.4189453125 0.58203125 0.4501953125 0.58984375 0.4677734375 0.6142578125 0.484375 0.6337890625 0.48046875 0.646484375 0.4677734375 0.6552734375 0.4140625 0.7021484375 0.41015625 0.716796875 0.3994140625 0.720703125 0.3818359375 0.716796875 0.3623046875 0.7021484375 0.349609375 0.65234375 0.3447265625 0.64453125 0.2919921875 0.62109375 0.2783203125 0.5986328125 0.28125
1 0.2109375 0.1650390625 0.2099609375 0.232421875 0.138671875 0.2353515625 0.138671875 0.2998046875 0.2060546875 0.302734375 0.2109375 0.3076171875 0.2109375 0.3720703125 0.2158203125 0.375 0.279296875 0.3720703125 0.2822265625 0.302734375 0.3515625 0.2998046875 0.3505859375 0.234375 0.279296875 0.2314453125 0.27734375 0.1630859375 0.2109375 0.1650390625
1 0.689453125 0.6376953125 0.6591796875 0.69140625 0.5966796875 0.66015625 0.564453125 0.7158203125 0.623046875 0.7529296875 0.59375 0.8173828125 0.6474609375 0.84765625 0.654296875 0.8466796875 0.6845703125 0.7890625 0.7509765625 0.818359375 0.78125 0.7646484375 0.7783203125 0.7578125 0.72265625 0.7275390625 0.751953125 0.6630859375 0.69921875 0.6337890625 0.689453125 0.6376953125
1 0.8017578125 0.318359375 0.796875 0.3271484375 0.796875 0.3896484375 0.728515625 0.3955078125 0.728515625 0.4599609375 0.796875 0.4658203125 0.7998046875 0.53515625 0.8681640625 0.53515625 0.87109375 0.4638671875 0.939453125 0.4599609375 0.939453125 0.3955078125 0.87109375 0.3916015625 0.865234375 0.3193359375 0.8017578125 0.318359375
1 0.4052734375 0.39453125 0.40234375 0.4658203125 0.33203125 0.4716796875 0.3349609375 0.537109375 0.40234375 0.5419921875 0.4052734375 0.611328125 0.4716796875 0.611328125 0.4765625 0.5400390625 0.544921875 0.5361328125 0.544921875 0.4716796875 0.4765625 0.4658203125 0.474609375 0.3955078125 0.4052734375 0.39453125
1 0.7490234375 0.0234375 0.7275390625 0.03125 0.7109375 0.0556640625 0.708984375 0.0830078125 0.716796875 0.1025390625 0.75 0.1474609375 0.69921875 0.2041015625 0.69921875 0.2294921875 0.70703125 0.2509765625 0.7333984375 0.267578125 0.7548828125 0.26953125 0.7802734375 0.259765625 0.8232421875 0.2265625 0.8564453125 0.263671875 0.8779296875 0.27734375 0.9052734375 0.27734375 0.9248046875 0.26953125 0.943359375 0.2431640625 0.943359375 0.2177734375 0.90234375 0.1533203125 0.9375 0.1220703125 0.953125 0.0986328125 0.95703125 0.0751953125 0.9453125 0.0615234375 0.9453125 0.0517578125 0.9228515625 0.03515625 0.8955078125 0.033203125 0.8291015625 0.07421875 0.7919921875 0.03515625 0.771484375 0.0244140625 0.7490234375 0.0234375
1 0.1552734375 0.595703125 0.150390625 0.7060546875 0.041015625 0.7138671875 0.0439453125 0.814453125 0.150390625 0.8173828125 0.1533203125 0.9296875 0.2587890625 0.9296875 0.26171875 0.8173828125 0.3681640625 0.814453125 0.37109375 0.8095703125 0.3701171875 0.7109375 0.26171875 0.7060546875 0.259765625 0.5966796875 0.1552734375 0.595703125