1 0.896484375 0.4404296875 0.869140625 0.4365234375 0.86328125 0.5029296875 0.7939453125 0.505859375 0.791015625 0.5283203125 0.8623046875 0.53125 0.865234375 0.6005859375 0.8935546875 0.603515625 0.896484375 0.5341796875 0.9501953125 0.53125 0.955078125 0.5283203125 0.955078125 0.5087890625 0.8994140625 0.50390625 0.896484375 0.4404296875
1 0.2314453125 0.380859375 0.193359375 0.3662109375 0.203125 0.3251953125 0.1640625 0.3115234375 0.1474609375 0.349609375 0.1025390625 0.33984375 0.08984375 0.3720703125 0.0966796875 0.384765625 0.130859375 0.3974609375 0.12109375 0.4384765625 0.1533203125 0.453125 0.162109375 0.4482421875 0.1748046875 0.4140625 0.2197265625 0.423828125 0.234375 0.3876953125 0.2314453125 0.380859375
1 0.853515625 0.1416015625 0.888671875 0.1142578125 0.888671875 0.0947265625 0.8681640625 0.080078125 0.8271484375 0.09765625 0.8076171875 0.0703125 0.78515625 0.0595703125 0.765625 0.0732421875 0.767578125 0.0966796875 0.78125 0.1240234375 0.751953125 0.1455078125 0.744140625 0.1669921875 0.7607421875 0.185546875 0.8095703125 0.169921875 0.8388671875 0.205078125 0.8544921875 0.205078125 0.8671875 0.1962890625 0.869140625 0.1787109375 0.853515625 0.1416015625
1 0.486328125 0.8916015625 0.5419921875 0.880859375 0.55078125 0.8701171875 0.55078125 0.8525390625 0.5380859375 0.8359375 0.4853515625 0.828125 0.484375 0.7978515625 0.474609375 0.7705078125 0.44921875 0.7666015625 0.431640625 0.7783203125 0.42578125 0.8291015625 0.3701171875 0.83984375 0.361328125 0.8642578125 0.3740234375 0.884765625 0.4228515625 0.888671875 0.43359375 0.9423828125 0.4443359375 0.953125 0.4619140625 0.955078125 0.4736328125 0.951171875 0.482421875 0.9384765625 0.486328125 0.8916015625
1 0.3642578125 0.482421875 0.3818359375 0.48828125 0.41015625 0.4716796875 0.416015625 0.4228515625 0.4677734375 0.41015625 0.48046875 0.3974609375 0.484375 0.3798828125 0.4677734375 0.353515625 0.4169921875 0.345703125 0.4140625 0.3095703125 0.404296875 0.2861328125 0.375 0.2802734375 0.3623046875 0.283203125 0.349609375 0.2978515625 0.345703125 0.3447265625 0.2919921875 0.35546875 0.28125 0.3681640625 0.27734375 0.3876953125 0.28125 0.4013671875 0.2958984375 0.4140625 0.3095703125 0.419921875 0.3427734375 0.419921875 0.3515625 0.4677734375 0.3642578125 0.482421875
1 0.375 0.7275390625 0.3701171875 0.720703125 0.3056640625 0.720703125 0.30078125 0.7158203125 0.2978515625 0.6484375 0.236328125 0.6494140625 0.234375 0.7158203125 0.2294921875 0.720703125 0.1650390625 0.720703125 0.162109375 0.7822265625 0.1728515625 0.7890625 0.2314453125 0.7890625 0.234375 0.8583984375 0.2939453125 0.861328125 0.30078125 0.8583984375 0.302734375 0.7900390625 0.3720703125 0.787109375 0.375 0.7275390625
1 0.7890625 0.3134765625 0.818359375 0.2509765625 0.76171875 0.2197265625 0.7255859375 0.27734375 0.6611328125 0.25 0.6328125 0.3017578125 0.6376953125 0.310546875 0.69140625 0.3408203125 0.66015625 0.4033203125 0.7158203125 0.435546875 0.7529296875 0.376953125 0.8173828125 0.40625 0.84765625 0.3525390625 0.8427734375 0.34375 0.7890625 0.3134765625
1 0.4638671875 0.12890625 0.4609375 0.0615234375 0.40625 0.0595703125 0.392578125 0.0634765625 0.3916015625 0.12890625 0.3203125 0.1318359375 0.3203125 0.2001953125 0.3916015625 0.203125 0.39453125 0.2705078125 0.4541015625 0.2734375 0.462890625 0.2646484375 0.4638671875 0.203125 0.53515625 0.2001953125 0.53515625 0.1337890625 0.4638671875 0.12890625
1 0.5419921875 0.5234375 0.537109375 0.4560546875 0.4765625 0.4541015625 0.46875 0.4580078125 0.4658203125 0.5234375 0.39453125 0.5283203125 0.39453125 0.5927734375 0.4013671875 0.59765625 0.4658203125 0.59765625 0.4716796875 0.66796875 0.5341796875 0.66796875 0.5400390625 0.59765625 0.611328125 0.5947265625 0.611328125 0.5283203125 0.5419921875 0.5234375
1 0.1455078125 0.248046875 0.1826171875 0.287109375 0.2021484375 0.298828125 0.2294921875 0.30078125 0.2470703125 0.294921875 0.265625 0.2705078125 0.267578125 0.2412109375 0.259765625 0.2197265625 0.2265625 0.1767578125 0.265625 0.1396484375 0.27734375 0.1201171875 0.27734375 0.0947265625 0.26953125 0.0771484375 0.2451171875 0.05859375 0.2197265625 0.056640625 0.1533203125 0.09765625 0.1220703125 0.0625 0.080078125 0.0439453125 0.0498046875 0.060546875 0.03515625 0.0810546875 0.04296875 0.1259765625 0.076171875 0.1689453125 0.03515625 0.2080078125 0.025390625 0.2255859375 0.0234375 0.2509765625 0.033203125 0.2724609375 0.0556640625 0.287109375 0.0830078125 0.2890625 0.1044921875 0.28125 0.1455078125 0.248046875
1 0.8193359375 0.73828125 0.814453125 0.7294921875 0.814453125 0.6337890625 0.712890625 0.6298828125 0.7060546875 0.73828125 0.595703125 0.7412109375 0.595703125 0.8466796875 0.7060546875 0.849609375 0.7109375 0.9560546875 0.8076171875 0.958984375 0.814453125 0.9560546875 0.8173828125 0.849609375 0.9296875 0.8447265625 0.9296875 0.7431640625 0.9208984375 0.73828125 0.8193359375 0.73828125