1 0.103515625 0.4384765625 0.103515625 0.4990234375 0.0986328125 0.50390625 0.044921875 0.5087890625 0.0478515625 0.53125 0.1015625 0.5341796875 0.103515625 0.6005859375 0.1083984375 0.60546875 0.134765625 0.6005859375 0.1396484375 0.53125 0.2060546875 0.53125 0.2109375 0.5224609375 0.208984375 0.5068359375 0.2021484375 0.50390625 0.13671875 0.5009765625 0.134765625 0.4365234375 0.103515625 0.4384765625
1 0.796875 0.3232421875 0.806640625 0.3603515625 0.7998046875 0.369140625 0.7666015625 0.380859375 0.765625 0.3896484375 0.7822265625 0.42578125 0.8251953125 0.4140625 0.83984375 0.4521484375 0.8466796875 0.453125 0.87890625 0.4384765625 0.869140625 0.3994140625 0.9072265625 0.3828125 0.91015625 0.3681640625 0.8974609375 0.33984375 0.8544921875 0.349609375 0.8359375 0.3115234375 0.796875 0.3232421875
1 0.1943359375 0.068359375 0.1728515625 0.09765625 0.1318359375 0.080078125 0.111328125 0.0927734375 0.111328125 0.1142578125 0.146484375 0.1416015625 0.12890625 0.1845703125 0.1435546875 0.205078125 0.1650390625 0.203125 0.1904296875 0.169921875 0.2294921875 0.185546875 0.2412109375 0.185546875 0.25 0.1767578125 0.25390625 0.1533203125 0.216796875 0.1220703125 0.232421875 0.0966796875 0.234375 0.0751953125 0.21484375 0.0595703125 0.1943359375 0.068359375
1 0.5341796875 0.763671875 0.5234375 0.7705078125 0.513671875 0.7998046875 0.5126953125 0.828125 0.4619140625 0.833984375 0.447265625 0.8564453125 0.44921875 0.8720703125 0.4599609375 0.8828125 0.51171875 0.8916015625 0.517578125 0.9423828125 0.5263671875 0.953125 0.5400390625 0.95703125 0.5556640625 0.955078125 0.56640625 0.9443359375 0.5771484375 0.890625 0.6259765625 0.88671875 0.640625 0.8642578125 0.638671875 0.8486328125 0.6279296875 0.837890625 0.57421875 0.8271484375 0.5703125 0.7783203125 0.552734375 0.7646484375 0.5341796875 0.763671875
1 0.595703125 0.2861328125 0.5859375 0.3076171875 0.5830078125 0.345703125 0.5341796875 0.3515625 0.515625 0.3759765625 0.521484375 0.4013671875 0.5341796875 0.412109375 0.583984375 0.4228515625 0.58984375 0.4716796875 0.6181640625 0.48828125 0.6357421875 0.482421875 0.646484375 0.4697265625 0.6552734375 0.419921875 0.7060546875 0.4140625 0.71875 0.4033203125 0.72265625 0.3876953125 0.720703125 0.3701171875 0.7080078125 0.35546875 0.654296875 0.3447265625 0.650390625 0.2978515625 0.6376953125 0.283203125 0.625 0.2802734375 0.595703125 0.2861328125
1 0.7001953125 0.6484375 0.697265625 0.7177734375 0.6298828125 0.720703125 0.625 0.7255859375 0.6279296875 0.787109375 0.6923828125 0.7890625 0.697265625 0.7939453125 0.697265625 0.8564453125 0.7021484375 0.861328125 0.7646484375 0.859375 0.765625 0.7939453125 0.7705078125 0.7890625 0.8271484375 0.7890625 0.837890625 0.7822265625 0.8369140625 0.72265625 0.7705078125 0.720703125 0.765625 0.7158203125 0.763671875 0.6494140625 0.7001953125 0.6484375
1 0.181640625 0.2490234375 0.2109375 0.3134765625 0.1572265625 0.34375 0.15234375 0.3544921875 0.1826171875 0.40625 0.2470703125 0.376953125 0.2841796875 0.435546875 0.33984375 0.4052734375 0.30859375 0.3427734375 0.3623046875 0.310546875 0.3671875 0.3017578125 0.3388671875 0.25 0.2744140625 0.27734375 0.23828125 0.2197265625 0.181640625 0.2490234375
1 0.5400390625 0.060546875 0.5361328125 0.12890625 0.46484375 0.1337890625 0.46484375 0.2001953125 0.5361328125 0.203125 0.537109375 0.2666015625 0.5439453125 0.2734375 0.6044921875 0.2734375 0.607421875 0.2060546875 0.6708984375 0.203125 0.681640625 0.1943359375 0.6787109375 0.130859375 0.607421875 0.1279296875 0.60546875 0.0615234375 0.5400390625 0.060546875
1 0.4658203125 0.455078125 0.4580078125 0.5234375 0.388671875 0.5283203125 0.388671875 0.5927734375 0.3935546875 0.59765625 0.4599609375 0.59765625 0.462890625 0.6650390625 0.4677734375 0.66796875 0.53125 0.6650390625 0.5341796875 0.59765625 0.5947265625 0.59765625 0.60546875 0.5927734375 0.60546875 0.5283203125 0.5341796875 0.5234375 0.529296875 0.4560546875 0.4658203125 0.455078125
1 0.9013671875 0.046875 0.8798828125 0.060546875 0.8447265625 0.09765625 0.8017578125 0.064453125 0.7802734375 0.056640625 0.7587890625 0.056640625 0.734375 0.0693359375 0.720703125 0.1005859375 0.72265625 0.1220703125 0.734375 0.1416015625 0.7734375 0.1787109375 0.73828125 0.2216796875 0.73046875 0.2451171875 0.732421875 0.2685546875 0.7509765625 0.294921875 0.7958984375 0.30078125 0.8154296875 0.2890625 0.8525390625 0.25 0.8935546875 0.28125 0.9169921875 0.291015625 0.9423828125 0.291015625 0.96875 0.2724609375 0.978515625 0.2490234375 0.9765625 0.2275390625 0.96484375 0.2060546875 0.92578125 0.1689453125 0.958984375 0.1240234375 0.966796875 0.0830078125 0.9482421875 0.0546875 0.92578125 0.0439453125 0.9013671875 0.046875
1 0.185546875 0.6337890625 0.185546875 0.7255859375 0.1806640625 0.73828125 0.0791015625 0.73828125 0.0703125 0.7431640625 0.0703125 0.8447265625 0.1826171875 0.849609375 0.1865234375 0.95703125 0.2861328125 0.958984375 0.291015625 0.9541015625 0.2939453125 0.849609375 0.3876953125 0.849609375 0.404296875 0.8447265625 0.404296875 0.7412109375 0.2939453125 0.73828125 0.291015625 0.6357421875 0.28515625 0.6298828125 0.185546875 0.6337890625