1 0.1064453125 0.396484375 0.103515625 0.4658203125 0.0498046875 0.46875 0.044921875 0.4716796875 0.044921875 0.4912109375 0.1005859375 0.49609375 0.103515625 0.5595703125 0.130859375 0.5634765625 0.13671875 0.4970703125 0.2060546875 0.494140625 0.208984375 0.4716796875 0.1376953125 0.46875 0.134765625 0.3994140625 0.1064453125 0.396484375
1 0.87890625 0.5615234375 0.8466796875 0.546875 0.837890625 0.5517578125 0.8251953125 0.5859375 0.7802734375 0.576171875 0.765625 0.6123046875 0.7685546875 0.619140625 0.806640625 0.6337890625 0.796875 0.6748046875 0.8359375 0.6884765625 0.8525390625 0.650390625 0.8974609375 0.66015625 0.91015625 0.6279296875 0.9033203125 0.615234375 0.869140625 0.6025390625 0.87890625 0.5615234375
1 0.2392578125 0.814453125 0.1904296875 0.830078125 0.1611328125 0.794921875 0.1455078125 0.794921875 0.1328125 0.8037109375 0.130859375 0.8212890625 0.146484375 0.8583984375 0.111328125 0.8857421875 0.111328125 0.9052734375 0.1318359375 0.919921875 0.1728515625 0.90234375 0.1923828125 0.9296875 0.21484375 0.9404296875 0.234375 0.9267578125 0.232421875 0.9033203125 0.21875 0.8759765625 0.248046875 0.8544921875 0.255859375 0.8330078125 0.2392578125 0.814453125
1 0.5771484375 0.111328125 0.56640625 0.0576171875 0.5556640625 0.046875 0.5380859375 0.044921875 0.5263671875 0.048828125 0.517578125 0.0615234375 0.513671875 0.1083984375 0.4580078125 0.119140625 0.44921875 0.1298828125 0.44921875 0.1474609375 0.4619140625 0.1640625 0.5146484375 0.171875 0.515625 0.2021484375 0.525390625 0.2294921875 0.55078125 0.2333984375 0.568359375 0.2216796875 0.57421875 0.1708984375 0.6298828125 0.16015625 0.638671875 0.1357421875 0.6259765625 0.115234375 0.5771484375 0.111328125
1 0.72265625 0.6123046875 0.71875 0.5986328125 0.7041015625 0.5859375 0.6904296875 0.580078125 0.6572265625 0.580078125 0.6484375 0.5322265625 0.6357421875 0.517578125 0.6181640625 0.51171875 0.58984375 0.5283203125 0.583984375 0.5771484375 0.5322265625 0.58984375 0.51953125 0.6025390625 0.515625 0.6201171875 0.5322265625 0.646484375 0.5830078125 0.654296875 0.5859375 0.6904296875 0.595703125 0.7138671875 0.625 0.7197265625 0.6376953125 0.716796875 0.650390625 0.7021484375 0.654296875 0.6552734375 0.7080078125 0.64453125 0.71875 0.6318359375 0.72265625 0.6123046875
1 0.7685546875 0.2109375 0.765625 0.1416015625 0.7060546875 0.138671875 0.69921875 0.1416015625 0.697265625 0.2099609375 0.6279296875 0.212890625 0.625 0.2724609375 0.6298828125 0.279296875 0.6943359375 0.279296875 0.69921875 0.2841796875 0.7021484375 0.3515625 0.763671875 0.3505859375 0.765625 0.2841796875 0.7705078125 0.279296875 0.8349609375 0.279296875 0.837890625 0.2177734375 0.8271484375 0.2109375 0.7685546875 0.2109375
1 0.33984375 0.5966796875 0.2841796875 0.564453125 0.2470703125 0.623046875 0.1826171875 0.59375 0.15234375 0.6474609375 0.1572265625 0.65625 0.2109375 0.6865234375 0.181640625 0.7490234375 0.23828125 0.7802734375 0.2744140625 0.72265625 0.3388671875 0.75 0.3671875 0.6982421875 0.3623046875 0.689453125 0.30859375 0.6591796875 0.33984375 0.5966796875
1 0.60546875 0.7294921875 0.5458984375 0.7265625 0.537109375 0.7353515625 0.5361328125 0.796875 0.46484375 0.7998046875 0.46484375 0.8662109375 0.5361328125 0.87109375 0.5390625 0.9384765625 0.59375 0.9404296875 0.607421875 0.9365234375 0.6083984375 0.87109375 0.6796875 0.8681640625 0.6796875 0.7998046875 0.6083984375 0.796875 0.60546875 0.7294921875
1 0.5341796875 0.40234375 0.5283203125 0.33203125 0.4658203125 0.33203125 0.4599609375 0.40234375 0.388671875 0.4052734375 0.388671875 0.4716796875 0.4580078125 0.4765625 0.462890625 0.5439453125 0.5234375 0.5458984375 0.53125 0.5419921875 0.5341796875 0.4765625 0.60546875 0.4716796875 0.60546875 0.4072265625 0.5986328125 0.40234375 0.5341796875 0.40234375
1 0.974609375 0.7744140625 0.9765625 0.7490234375 0.966796875 0.7275390625 0.9443359375 0.712890625 0.9169921875 0.7109375 0.8955078125 0.71875 0.8544921875 0.751953125 0.8173828125 0.712890625 0.7978515625 0.701171875 0.7705078125 0.69921875 0.7529296875 0.705078125 0.734375 0.7294921875 0.732421875 0.7587890625 0.740234375 0.7802734375 0.7734375 0.8232421875 0.734375 0.8603515625 0.72265625 0.8798828125 0.72265625 0.9052734375 0.73046875 0.9228515625 0.7548828125 0.94140625 0.7802734375 0.943359375 0.8466796875 0.90234375 0.8779296875 0.9375 0.919921875 0.9560546875 0.9501953125 0.939453125 0.96484375 0.9189453125 0.95703125 0.8740234375 0.923828125 0.8310546875 0.96484375 0.7919921875 0.974609375 0.7744140625
1 0.1923828125 0.041015625 0.185546875 0.0439453125 0.1826171875 0.150390625 0.0703125 0.1552734375 0.0703125 0.2568359375 0.0791015625 0.26171875 0.1806640625 0.26171875 0.185546875 0.2705078125 0.185546875 0.3662109375 0.287109375 0.3701171875 0.2939453125 0.26171875 0.404296875 0.2587890625 0.404296875 0.1533203125 0.2939453125 0.150390625 0.2890625 0.0439453125 0.1923828125 0.041015625