1 0.494140625 0.0478515625 0.4716796875 0.044921875 0.46875 0.1005859375 0.4033203125 0.103515625 0.396484375 0.1083984375 0.396484375 0.1318359375 0.4658203125 0.13671875 0.46875 0.2060546875 0.494140625 0.2080078125 0.49609375 0.1376953125 0.5615234375 0.134765625 0.564453125 0.1083984375 0.5595703125 0.103515625 0.4970703125 0.103515625 0.494140625 0.0478515625
1 0.6337890625 0.806640625 0.619140625 0.7666015625 0.6103515625 0.765625 0.57421875 0.7802734375 0.5859375 0.8251953125 0.5498046875 0.837890625 0.546875 0.8486328125 0.5595703125 0.880859375 0.6005859375 0.869140625 0.6171875 0.9091796875 0.625 0.9111328125 0.662109375 0.8974609375 0.650390625 0.8544921875 0.6865234375 0.83984375 0.689453125 0.8291015625 0.6767578125 0.796875 0.6337890625 0.806640625
1 0.90234375 0.1748046875 0.919921875 0.1318359375 0.9072265625 0.111328125 0.8857421875 0.111328125 0.8583984375 0.146484375 0.8154296875 0.12890625 0.796875 0.1416015625 0.796875 0.1630859375 0.830078125 0.1904296875 0.81640625 0.2197265625 0.81640625 0.2451171875 0.83984375 0.2548828125 0.8544921875 0.248046875 0.8759765625 0.21875 0.9189453125 0.236328125 0.9375 0.2236328125 0.9375 0.2021484375 0.90234375 0.1748046875
1 0.2197265625 0.51953125 0.1728515625 0.513671875 0.1640625 0.4580078125 0.1552734375 0.44921875 0.1357421875 0.447265625 0.1171875 0.4599609375 0.111328125 0.5087890625 0.0576171875 0.517578125 0.044921875 0.5302734375 0.04296875 0.5439453125 0.0556640625 0.56640625 0.1064453125 0.57421875 0.115234375 0.6279296875 0.1259765625 0.638671875 0.142578125 0.6396484375 0.1640625 0.6259765625 0.16796875 0.5791015625 0.2236328125 0.568359375 0.236328125 0.5439453125 0.234375 0.5283203125 0.2197265625 0.51953125
1 0.716796875 0.6005859375 0.7021484375 0.58984375 0.6552734375 0.5859375 0.646484375 0.5322265625 0.6337890625 0.51953125 0.6142578125 0.515625 0.58984375 0.5322265625 0.58203125 0.5498046875 0.58203125 0.5810546875 0.5302734375 0.58984375 0.51953125 0.5986328125 0.513671875 0.6220703125 0.517578125 0.6357421875 0.5419921875 0.65234375 0.5791015625 0.654296875 0.5859375 0.7041015625 0.5986328125 0.71875 0.62109375 0.7216796875 0.64453125 0.7080078125 0.65234375 0.6552734375 0.7021484375 0.650390625 0.716796875 0.6376953125 0.720703125 0.6181640625 0.716796875 0.6005859375
1 0.2158203125 0.625 0.2109375 0.6279296875 0.2109375 0.6923828125 0.2060546875 0.697265625 0.138671875 0.7001953125 0.138671875 0.7646484375 0.2099609375 0.767578125 0.2109375 0.8349609375 0.27734375 0.8369140625 0.279296875 0.7685546875 0.3505859375 0.765625 0.3515625 0.7001953125 0.2822265625 0.697265625 0.279296875 0.6279296875 0.2158203125 0.625
1 0.6845703125 0.2109375 0.654296875 0.1533203125 0.6474609375 0.15234375 0.59375 0.1826171875 0.623046875 0.2470703125 0.564453125 0.2841796875 0.5966796875 0.33984375 0.6591796875 0.30859375 0.689453125 0.3623046875 0.69921875 0.3662109375 0.751953125 0.3369140625 0.72265625 0.2724609375 0.7783203125 0.2421875 0.78125 0.2353515625 0.7509765625 0.181640625 0.6845703125 0.2109375
1 0.7998046875 0.46484375 0.796875 0.5341796875 0.728515625 0.5400390625 0.728515625 0.6044921875 0.796875 0.6103515625 0.796875 0.6728515625 0.8017578125 0.681640625 0.865234375 0.6806640625 0.87109375 0.6083984375 0.939453125 0.6044921875 0.939453125 0.5400390625 0.87109375 0.5361328125 0.8681640625 0.46484375 0.7998046875 0.46484375
1 0.4052734375 0.388671875 0.40234375 0.4580078125 0.3349609375 0.462890625 0.33203125 0.5283203125 0.40234375 0.5341796875 0.4052734375 0.60546875 0.474609375 0.6044921875 0.4765625 0.5341796875 0.544921875 0.5283203125 0.544921875 0.4638671875 0.4765625 0.4599609375 0.4716796875 0.388671875 0.4052734375 0.388671875
1 0.9453125 0.9384765625 0.95703125 0.9248046875 0.953125 0.9013671875 0.9375 0.8779296875 0.90234375 0.8466796875 0.943359375 0.7822265625 0.943359375 0.7568359375 0.9248046875 0.73046875 0.9052734375 0.72265625 0.8779296875 0.72265625 0.8564453125 0.736328125 0.8232421875 0.7734375 0.7802734375 0.740234375 0.7548828125 0.73046875 0.7333984375 0.732421875 0.70703125 0.7490234375 0.69921875 0.7705078125 0.69921875 0.7958984375 0.75 0.8525390625 0.716796875 0.8974609375 0.708984375 0.9169921875 0.7109375 0.9443359375 0.7275390625 0.96875 0.7490234375 0.9765625 0.771484375 0.9755859375 0.7919921875 0.96484375 0.8291015625 0.92578125 0.8955078125 0.966796875 0.9228515625 0.96484375 0.9453125 0.9482421875 0.9453125 0.9384765625
1 0.2587890625 0.0703125 0.1533203125 0.0703125 0.150390625 0.1826171875 0.0439453125 0.185546875 0.041015625 0.2861328125 0.150390625 0.2939453125 0.1552734375 0.404296875 0.259765625 0.4033203125 0.26171875 0.2939453125 0.3701171875 0.2890625 0.37109375 0.1904296875 0.3681640625 0.185546875 0.26171875 0.1826171875 0.2587890625 0.0703125