1 0.9521484375 0.46875 0.896484375 0.4658203125 0.89453125 0.3994140625 0.8896484375 0.39453125 0.865234375 0.3994140625 0.8623046875 0.466796875 0.791015625 0.4716796875 0.7939453125 0.494140625 0.86328125 0.4990234375 0.8681640625 0.564453125 0.89453125 0.5615234375 0.8994140625 0.49609375 0.9541015625 0.490234375 0.9521484375 0.46875
1 0.232421875 0.6025390625 0.2177734375 0.57421875 0.1748046875 0.5859375 0.1552734375 0.546875 0.12109375 0.5615234375 0.130859375 0.6005859375 0.0927734375 0.6171875 0.08984375 0.6279296875 0.1025390625 0.66015625 0.1474609375 0.6484375 0.162109375 0.6865234375 0.1748046875 0.6875 0.203125 0.6748046875 0.1953125 0.6318359375 0.2314453125 0.619140625 0.232421875 0.6025390625
1 0.8828125 0.8779296875 0.85546875 0.8583984375 0.87109375 0.8193359375 0.869140625 0.8056640625 0.8583984375 0.794921875 0.8330078125 0.796875 0.8095703125 0.828125 0.7685546875 0.8125 0.7548828125 0.814453125 0.744140625 0.8251953125 0.740234375 0.8388671875 0.751953125 0.8583984375 0.779296875 0.8759765625 0.763671875 0.9150390625 0.767578125 0.9326171875 0.7763671875 0.939453125 0.7978515625 0.939453125 0.8271484375 0.904296875 0.8701171875 0.921875 0.888671875 0.9091796875 0.8916015625 0.8984375 0.8828125 0.8779296875
1 0.55078125 0.1279296875 0.5400390625 0.1171875 0.48828125 0.1083984375 0.48046875 0.0556640625 0.4580078125 0.04296875 0.43359375 0.0556640625 0.4248046875 0.109375 0.3740234375 0.11328125 0.359375 0.1337890625 0.361328125 0.1513671875 0.3720703125 0.162109375 0.42578125 0.1728515625 0.431640625 0.2236328125 0.4541015625 0.23828125 0.4765625 0.2314453125 0.4873046875 0.171875 0.5380859375 0.166015625 0.5517578125 0.1484375 0.55078125 0.1279296875
1 0.48046875 0.6025390625 0.4658203125 0.587890625 0.41796875 0.5791015625 0.41015625 0.5322265625 0.4013671875 0.51953125 0.3857421875 0.513671875 0.3642578125 0.517578125 0.353515625 0.5302734375 0.3447265625 0.580078125 0.2939453125 0.5859375 0.28125 0.5966796875 0.27734375 0.6123046875 0.279296875 0.6298828125 0.2939453125 0.64453125 0.345703125 0.6533203125 0.349609375 0.7021484375 0.3603515625 0.71484375 0.3759765625 0.720703125 0.404296875 0.7138671875 0.4140625 0.6904296875 0.4169921875 0.654296875 0.4638671875 0.6484375 0.48046875 0.6357421875 0.4833984375 0.625 0.48046875 0.6025390625
1 0.373046875 0.2138671875 0.302734375 0.2060546875 0.302734375 0.1435546875 0.2978515625 0.138671875 0.2353515625 0.138671875 0.234375 0.2060546875 0.2294921875 0.2109375 0.1669921875 0.2109375 0.162109375 0.2177734375 0.162109375 0.2744140625 0.1669921875 0.279296875 0.232421875 0.2822265625 0.2373046875 0.3515625 0.30078125 0.3486328125 0.3037109375 0.28125 0.3740234375 0.27734375 0.373046875 0.2138671875
1 0.845703125 0.6416015625 0.8173828125 0.59375 0.7529296875 0.623046875 0.720703125 0.5654296875 0.7138671875 0.564453125 0.66015625 0.5947265625 0.689453125 0.6572265625 0.6357421875 0.689453125 0.6328125 0.7001953125 0.6630859375 0.751953125 0.7255859375 0.72265625 0.7646484375 0.78125 0.818359375 0.7490234375 0.791015625 0.6865234375 0.8466796875 0.654296875 0.845703125 0.6416015625
1 0.53515625 0.7998046875 0.4658203125 0.796875 0.462890625 0.7353515625 0.4521484375 0.7265625 0.39453125 0.7294921875 0.3916015625 0.796875 0.3203125 0.7998046875 0.3203125 0.8662109375 0.3916015625 0.87109375 0.3974609375 0.939453125 0.4599609375 0.939453125 0.4658203125 0.87109375 0.5341796875 0.8671875 0.53515625 0.7998046875
1 0.611328125 0.4072265625 0.5419921875 0.400390625 0.537109375 0.3369140625 0.5322265625 0.33203125 0.46875 0.3349609375 0.4658203125 0.40234375 0.4033203125 0.40234375 0.39453125 0.4072265625 0.39453125 0.4697265625 0.3994140625 0.474609375 0.4658203125 0.4765625 0.46875 0.5419921875 0.4755859375 0.546875 0.537109375 0.5439453125 0.5419921875 0.4765625 0.6103515625 0.47265625 0.611328125 0.4072265625
1 0.9296875 0.1552734375 0.9248046875 0.150390625 0.8193359375 0.150390625 0.8115234375 0.04296875 0.7119140625 0.04296875 0.7060546875 0.150390625 0.6005859375 0.15234375 0.595703125 0.1572265625 0.595703125 0.2568359375 0.6025390625 0.26171875 0.7080078125 0.263671875 0.7119140625 0.369140625 0.8134765625 0.37109375 0.8193359375 0.26171875 0.9228515625 0.26171875 0.9287109375 0.255859375 0.9296875 0.1552734375
1 0.27734375 0.8779296875 0.267578125 0.8701171875 0.265625 0.8583984375 0.224609375 0.8212890625 0.259765625 0.7802734375 0.26953125 0.7548828125 0.267578125 0.7314453125 0.2509765625 0.70703125 0.2275390625 0.697265625 0.2041015625 0.69921875 0.1865234375 0.708984375 0.1474609375 0.751953125 0.1025390625 0.716796875 0.0791015625 0.70703125 0.0556640625 0.708984375 0.0458984375 0.720703125 0.03125 0.7255859375 0.021484375 0.7490234375 0.0234375 0.7744140625 0.033203125 0.7919921875 0.076171875 0.8310546875 0.044921875 0.8681640625 0.03125 0.8974609375 0.033203125 0.9208984375 0.0517578125 0.947265625 0.0595703125 0.9453125 0.0791015625 0.9609375 0.0966796875 0.955078125 0.1162109375 0.943359375 0.1533203125 0.90234375 0.1962890625 0.935546875 0.2080078125 0.935546875 0.2197265625 0.9453125 0.2451171875 0.943359375 0.26953125 0.9267578125 0.2783203125 0.904296875 0.27734375 0.8779296875