1 0.494140625 0.0478515625 0.4775390625 0.044921875 0.46875 0.0478515625 0.46875 0.0986328125 0.4638671875 0.103515625 0.3974609375 0.10546875 0.39453125 0.1318359375 0.4658203125 0.138671875 0.46875 0.2080078125 0.4921875 0.2099609375 0.49609375 0.1416015625 0.5009765625 0.13671875 0.5615234375 0.134765625 0.564453125 0.1064453125 0.4990234375 0.103515625 0.494140625 0.0478515625
1 0.6357421875 0.8046875 0.62109375 0.7685546875 0.6083984375 0.765625 0.57421875 0.7802734375 0.583984375 0.8232421875 0.5478515625 0.837890625 0.546875 0.8505859375 0.5595703125 0.880859375 0.6025390625 0.873046875 0.6171875 0.9111328125 0.626953125 0.9111328125 0.662109375 0.8974609375 0.65234375 0.8544921875 0.6845703125 0.841796875 0.689453125 0.8271484375 0.6787109375 0.796875 0.6357421875 0.8046875
1 0.939453125 0.2001953125 0.90625 0.1728515625 0.921875 0.1376953125 0.921875 0.1240234375 0.9091796875 0.109375 0.8857421875 0.109375 0.8583984375 0.142578125 0.8193359375 0.126953125 0.8017578125 0.130859375 0.79296875 0.1416015625 0.79296875 0.1630859375 0.828125 0.1943359375 0.814453125 0.2177734375 0.8125 0.2431640625 0.8271484375 0.2578125 0.841796875 0.2587890625 0.8564453125 0.25 0.8779296875 0.22265625 0.9150390625 0.23828125 0.9287109375 0.236328125 0.94140625 0.2236328125 0.939453125 0.2001953125
1 0.2333984375 0.521484375 0.173828125 0.5087890625 0.169921875 0.4619140625 0.1572265625 0.447265625 0.1416015625 0.44140625 0.11328125 0.4580078125 0.107421875 0.5068359375 0.0517578125 0.517578125 0.0390625 0.5439453125 0.0556640625 0.5703125 0.1044921875 0.578125 0.111328125 0.6298828125 0.1259765625 0.642578125 0.14453125 0.6435546875 0.16796875 0.6259765625 0.171875 0.5810546875 0.2255859375 0.572265625 0.23828125 0.5595703125 0.240234375 0.5419921875 0.2333984375 0.521484375
1 0.654296875 0.5849609375 0.646484375 0.5341796875 0.6357421875 0.521484375 0.6201171875 0.515625 0.6025390625 0.51953125 0.58984375 0.5322265625 0.5771484375 0.583984375 0.5478515625 0.583984375 0.5283203125 0.591796875 0.513671875 0.6162109375 0.51953125 0.6376953125 0.5302734375 0.646484375 0.5771484375 0.654296875 0.5859375 0.7041015625 0.5966796875 0.716796875 0.619140625 0.7216796875 0.642578125 0.7080078125 0.6552734375 0.654296875 0.7021484375 0.650390625 0.71875 0.6240234375 0.7099609375 0.595703125 0.654296875 0.5849609375
1 0.2158203125 0.625 0.2109375 0.6279296875 0.208984375 0.6943359375 0.1435546875 0.697265625 0.138671875 0.7021484375 0.138671875 0.7626953125 0.2099609375 0.767578125 0.2109375 0.8349609375 0.2197265625 0.83984375 0.275390625 0.8388671875 0.28125 0.7685546875 0.3515625 0.7626953125 0.3515625 0.7021484375 0.28125 0.6943359375 0.2763671875 0.625 0.2158203125 0.625
1 0.4716796875 0.388671875 0.4052734375 0.388671875 0.400390625 0.4580078125 0.33203125 0.4658203125 0.33203125 0.5283203125 0.400390625 0.5341796875 0.4052734375 0.60546875 0.47265625 0.6044921875 0.4765625 0.5341796875 0.5439453125 0.53125 0.546875 0.4697265625 0.5419921875 0.462890625 0.4765625 0.4599609375 0.4716796875 0.388671875
1 0.6884765625 0.208984375 0.6494140625 0.150390625 0.591796875 0.1826171875 0.62109375 0.2451171875 0.5654296875 0.27734375 0.564453125 0.2880859375 0.5966796875 0.341796875 0.6494140625 0.3125 0.6591796875 0.3125 0.689453125 0.3662109375 0.69921875 0.3681640625 0.751953125 0.3388671875 0.724609375 0.2744140625 0.7783203125 0.244140625 0.78125 0.2333984375 0.7490234375 0.1796875 0.6884765625 0.208984375
1 0.87109375 0.4716796875 0.8662109375 0.46484375 0.7998046875 0.46484375 0.794921875 0.5361328125 0.7314453125 0.5390625 0.7265625 0.5478515625 0.7265625 0.6025390625 0.7314453125 0.607421875 0.796875 0.6103515625 0.796875 0.6748046875 0.8017578125 0.681640625 0.865234375 0.6806640625 0.87109375 0.6728515625 0.87109375 0.6103515625 0.939453125 0.6044921875 0.939453125 0.5400390625 0.873046875 0.5361328125 0.87109375 0.4716796875
1 0.95703125 0.9228515625 0.953125 0.9013671875 0.90234375 0.8427734375 0.935546875 0.8017578125 0.943359375 0.7802734375 0.943359375 0.7568359375 0.9306640625 0.734375 0.9033203125 0.720703125 0.8798828125 0.720703125 0.8212890625 0.7734375 0.7802734375 0.740234375 0.7587890625 0.732421875 0.7294921875 0.734375 0.705078125 0.7529296875 0.69921875 0.7939453125 0.71484375 0.8193359375 0.75 0.8525390625 0.716796875 0.8994140625 0.708984375 0.9169921875 0.708984375 0.9384765625 0.7255859375 0.966796875 0.7470703125 0.9765625 0.765625 0.9755859375 0.7939453125 0.96484375 0.8291015625 0.92578125 0.8935546875 0.966796875 0.9208984375 0.966796875 0.9453125 0.9501953125 0.95703125 0.9228515625
1 0.1533203125 0.0703125 0.1484375 0.1826171875 0.0439453125 0.185546875 0.0390625 0.2822265625 0.0439453125 0.291015625 0.1484375 0.2939453125 0.1533203125 0.40625 0.259765625 0.4052734375 0.263671875 0.2939453125 0.3701171875 0.291015625 0.37109375 0.1884765625 0.263671875 0.1806640625 0.2587890625 0.0703125 0.1533203125 0.0703125