2 0.59375 0.0712890625 0.59765625 0.0888671875 0.6201171875 0.107421875 0.6767578125 0.130859375 0.703125 0.1259765625 0.703125 0.1142578125 0.6845703125 0.095703125 0.623046875 0.0673828125 0.59375 0.0712890625
2 0.32421875 0.0341796875 0.330078125 0.0810546875 0.361328125 0.1318359375 0.3798828125 0.140625 0.388671875 0.1279296875 0.3828125 0.0966796875 0.357421875 0.0478515625 0.3359375 0.0302734375 0.32421875 0.0341796875
2 0.3798828125 0.412109375 0.3642578125 0.423828125 0.345703125 0.4501953125 0.330078125 0.4912109375 0.3349609375 0.5234375 0.359375 0.5107421875 0.38671875 0.4658203125 0.39453125 0.4345703125 0.388671875 0.4130859375 0.3798828125 0.412109375
2 0.1142578125 0.0625 0.1015625 0.0732421875 0.087890625 0.1044921875 0.087890625 0.1396484375 0.095703125 0.1630859375 0.1142578125 0.181640625 0.1240234375 0.18359375 0.150390625 0.1669921875 0.162109375 0.1337890625 0.15625 0.0869140625 0.1376953125 0.064453125 0.126953125 0.0615234375 0.1142578125 0.0625
2 0.5712890625 0.298828125 0.55078125 0.3212890625 0.556640625 0.3466796875 0.5966796875 0.3671875 0.6240234375 0.3671875 0.6552734375 0.357421875 0.671875 0.3388671875 0.669921875 0.3154296875 0.6513671875 0.298828125 0.623046875 0.2919921875 0.5712890625 0.298828125
2 0.1240234375 0.369140625 0.109375 0.3779296875 0.095703125 0.4013671875 0.091796875 0.4228515625 0.09765625 0.4658203125 0.1279296875 0.494140625 0.15625 0.4794921875 0.169921875 0.4482421875 0.166015625 0.3994140625 0.154296875 0.3779296875 0.140625 0.3701171875 0.1240234375 0.369140625
2 0.0673828125 0.681640625 0.0361328125 0.697265625 0.03125 0.7158203125 0.0498046875 0.732421875 0.1083984375 0.744140625 0.1708984375 0.73828125 0.20703125 0.7177734375 0.208984375 0.7060546875 0.1962890625 0.69140625 0.140625 0.6767578125 0.0673828125 0.681640625
2 0.8466796875 0.908203125 0.8154296875 0.916015625 0.79296875 0.9306640625 0.7890625 0.9462890625 0.7978515625 0.95703125 0.8232421875 0.96875 0.8935546875 0.974609375 0.9384765625 0.966796875 0.966796875 0.9462890625 0.96484375 0.9326171875 0.9521484375 0.921875 0.91015625 0.9091796875 0.8466796875 0.908203125
2 0.876953125 0.2568359375 0.861328125 0.2900390625 0.857421875 0.3193359375 0.861328125 0.3896484375 0.875 0.4208984375 0.8857421875 0.4296875 0.8955078125 0.4296875 0.908203125 0.4189453125 0.923828125 0.3662109375 0.921875 0.2998046875 0.91015625 0.2666015625 0.8984375 0.2529296875 0.876953125 0.2568359375
2 0.8330078125 0.0703125 0.8115234375 0.080078125 0.76171875 0.1279296875 0.734375 0.1845703125 0.734375 0.2138671875 0.7431640625 0.224609375 0.7607421875 0.228515625 0.7900390625 0.216796875 0.83984375 0.1669921875 0.865234375 0.1103515625 0.86328125 0.0830078125 0.849609375 0.0712890625 0.8330078125 0.0703125
2 0.2412109375 0.556640625 0.232421875 0.5693359375 0.234375 0.5927734375 0.259765625 0.6298828125 0.2998046875 0.6640625 0.3310546875 0.6796875 0.3525390625 0.685546875 0.3818359375 0.681640625 0.390625 0.6689453125 0.390625 0.6533203125 0.3671875 0.6123046875 0.3095703125 0.564453125 0.26171875 0.5517578125 0.2412109375 0.556640625
2 0.7646484375 0.28125 0.744140625 0.2998046875 0.6953125 0.3779296875 0.671875 0.4521484375 0.671875 0.4912109375 0.6826171875 0.50390625 0.7099609375 0.5 0.734375 0.4775390625 0.78125 0.4013671875 0.798828125 0.3564453125 0.806640625 0.3154296875 0.802734375 0.2841796875 0.7890625 0.2744140625 0.7646484375 0.28125
2 0.2548828125 0.193359375 0.220703125 0.2216796875 0.205078125 0.2529296875 0.197265625 0.2919921875 0.197265625 0.3388671875 0.205078125 0.3759765625 0.220703125 0.4072265625 0.2412109375 0.427734375 0.2666015625 0.4375 0.2880859375 0.435546875 0.3125 0.4189453125 0.3359375 0.3798828125 0.345703125 0.3408203125 0.345703125 0.2900390625 0.337890625 0.2529296875 0.310546875 0.2080078125 0.283203125 0.1923828125 0.2548828125 0.193359375
2 0.1884765625 0.814453125 0.1162109375 0.83203125 0.072265625 0.8623046875 0.068359375 0.8896484375 0.0869140625 0.912109375 0.1123046875 0.92578125 0.2099609375 0.947265625 0.3310546875 0.94140625 0.3837890625 0.92578125 0.421875 0.9013671875 0.4296875 0.8837890625 0.427734375 0.8681640625 0.4072265625 0.845703125 0.3564453125 0.82421875 0.2890625 0.8134765625 0.1884765625 0.814453125
2 0.5068359375 0.5625 0.482421875 0.5810546875 0.4765625 0.5947265625 0.4765625 0.6220703125 0.486328125 0.6513671875 0.53125 0.7158203125 0.6044921875 0.779296875 0.6650390625 0.8125 0.7255859375 0.830078125 0.7548828125 0.830078125 0.7802734375 0.8203125 0.796875 0.7958984375 0.794921875 0.7587890625 0.78125 0.7275390625 0.7421875 0.6748046875 0.6943359375 0.630859375 0.6435546875 0.595703125 0.6044921875 0.576171875 0.552734375 0.5615234375 0.5068359375 0.5625