2 0.3720703125 0.138671875 0.3818359375 0.138671875 0.38671875 0.1318359375 0.3828125 0.0986328125 0.359375 0.0517578125 0.3427734375 0.033203125 0.3310546875 0.029296875 0.32421875 0.0341796875 0.3251953125 0.060546875 0.349609375 0.1162109375 0.3720703125 0.138671875
2 0.6533203125 0.123046875 0.6865234375 0.130859375 0.703125 0.1259765625 0.701171875 0.1123046875 0.6904296875 0.1015625 0.6533203125 0.078125 0.6064453125 0.06640625 0.595703125 0.0712890625 0.5966796875 0.083984375 0.6220703125 0.107421875 0.6533203125 0.123046875
2 0.3466796875 0.521484375 0.373046875 0.4912109375 0.392578125 0.4423828125 0.39453125 0.4248046875 0.3876953125 0.412109375 0.3701171875 0.419921875 0.345703125 0.4521484375 0.330078125 0.4931640625 0.3310546875 0.517578125 0.3349609375 0.5234375 0.3466796875 0.521484375
2 0.09765625 0.1630859375 0.1142578125 0.1796875 0.1318359375 0.181640625 0.1484375 0.1689453125 0.16015625 0.1416015625 0.16015625 0.1025390625 0.1396484375 0.06640625 0.1181640625 0.0625 0.1015625 0.0751953125 0.08984375 0.1005859375 0.0888671875 0.1328125 0.09765625 0.1630859375
2 0.6201171875 0.3671875 0.6611328125 0.3515625 0.669921875 0.3408203125 0.671875 0.3212890625 0.6435546875 0.296875 0.5947265625 0.29296875 0.5673828125 0.302734375 0.5546875 0.3154296875 0.5517578125 0.333984375 0.5751953125 0.359375 0.6201171875 0.3671875
2 0.1015625 0.4697265625 0.1181640625 0.48828125 0.1376953125 0.4921875 0.154296875 0.4814453125 0.169921875 0.4423828125 0.169921875 0.4169921875 0.1494140625 0.375 0.1259765625 0.369140625 0.107421875 0.3818359375 0.09375 0.4150390625 0.0947265625 0.44921875 0.1015625 0.4697265625
2 0.8994140625 0.97265625 0.9521484375 0.958984375 0.962890625 0.9501953125 0.96484375 0.9345703125 0.9287109375 0.9140625 0.8603515625 0.908203125 0.8017578125 0.923828125 0.791015625 0.9384765625 0.7919921875 0.947265625 0.8291015625 0.96875 0.8994140625 0.97265625
2 0.8837890625 0.427734375 0.8974609375 0.427734375 0.91796875 0.3935546875 0.923828125 0.3251953125 0.9140625 0.2763671875 0.8935546875 0.251953125 0.876953125 0.2607421875 0.865234375 0.2822265625 0.8583984375 0.353515625 0.8671875 0.4052734375 0.8837890625 0.427734375
2 0.0654296875 0.736328125 0.1220703125 0.744140625 0.1826171875 0.734375 0.1982421875 0.7265625 0.208984375 0.7099609375 0.205078125 0.7001953125 0.1865234375 0.6875 0.1103515625 0.67578125 0.0458984375 0.69140625 0.033203125 0.7041015625 0.0341796875 0.71875 0.0654296875 0.736328125
2 0.7353515625 0.2109375 0.7451171875 0.224609375 0.7666015625 0.2265625 0.7939453125 0.212890625 0.828125 0.1806640625 0.861328125 0.1220703125 0.865234375 0.0908203125 0.8564453125 0.07421875 0.8408203125 0.0703125 0.8134765625 0.080078125 0.767578125 0.1220703125 0.73828125 0.1728515625 0.7353515625 0.2109375
2 0.236328125 0.5615234375 0.2333984375 0.580078125 0.251953125 0.6201171875 0.3076171875 0.66796875 0.3544921875 0.685546875 0.3759765625 0.68359375 0.388671875 0.6728515625 0.388671875 0.6474609375 0.373046875 0.6201171875 0.3505859375 0.595703125 0.3095703125 0.56640625 0.2724609375 0.552734375 0.2490234375 0.552734375 0.236328125 0.5615234375
2 0.6845703125 0.50390625 0.7119140625 0.498046875 0.763671875 0.4365234375 0.802734375 0.3369140625 0.806640625 0.3037109375 0.7958984375 0.27734375 0.7783203125 0.275390625 0.7626953125 0.283203125 0.712890625 0.3447265625 0.677734375 0.4248046875 0.6728515625 0.48828125 0.6845703125 0.50390625
2 0.22265625 0.2197265625 0.201171875 0.2666015625 0.1962890625 0.326171875 0.2109375 0.3896484375 0.2392578125 0.42578125 0.2568359375 0.435546875 0.2783203125 0.4375 0.3125 0.4189453125 0.33984375 0.3701171875 0.34765625 0.3115234375 0.337890625 0.2529296875 0.3095703125 0.20703125 0.2919921875 0.1953125 0.2626953125 0.19140625 0.22265625 0.2197265625
2 0.2119140625 0.8125 0.1416015625 0.82421875 0.0966796875 0.841796875 0.072265625 0.8623046875 0.0693359375 0.890625 0.0966796875 0.91796875 0.1396484375 0.935546875 0.2099609375 0.947265625 0.2861328125 0.947265625 0.3486328125 0.9375 0.4033203125 0.916015625 0.421875 0.9013671875 0.427734375 0.8701171875 0.4072265625 0.845703125 0.3408203125 0.8203125 0.2861328125 0.8125 0.2119140625 0.8125
2 0.7138671875 0.6484375 0.6630859375 0.609375 0.6064453125 0.578125 0.5537109375 0.5625 0.5009765625 0.56640625 0.482421875 0.5830078125 0.4775390625 0.609375 0.486328125 0.6474609375 0.517578125 0.6982421875 0.5517578125 0.734375 0.6103515625 0.78125 0.6689453125 0.8125 0.7197265625 0.828125 0.7607421875 0.828125 0.791015625 0.8076171875 0.796875 0.7900390625 0.794921875 0.7646484375 0.775390625 0.7197265625 0.7138671875 0.6484375