2 0.65234375 0.1142578125 0.67578125 0.0595703125 0.6748046875 0.033203125 0.6572265625 0.033203125 0.6328125 0.0634765625 0.61328125 0.1142578125 0.6162109375 0.138671875 0.6318359375 0.13671875 0.65234375 0.1142578125
2 0.6455078125 0.515625 0.6650390625 0.5234375 0.6689453125 0.490234375 0.640625 0.4306640625 0.6123046875 0.412109375 0.60546875 0.4267578125 0.607421875 0.4443359375 0.62890625 0.4951171875 0.6455078125 0.515625
2 0.294921875 0.1240234375 0.3017578125 0.130859375 0.3193359375 0.130859375 0.3486328125 0.123046875 0.3876953125 0.1015625 0.404296875 0.0849609375 0.4052734375 0.07421875 0.3857421875 0.06640625 0.3466796875 0.078125 0.3154296875 0.095703125 0.294921875 0.1240234375
2 0.3740234375 0.29296875 0.3447265625 0.302734375 0.328125 0.3212890625 0.328125 0.3369140625 0.3505859375 0.359375 0.3955078125 0.3671875 0.4326171875 0.35546875 0.447265625 0.3408203125 0.4482421875 0.32421875 0.4453125 0.3154296875 0.4208984375 0.296875 0.3740234375 0.29296875
2 0.8837890625 0.0625 0.8623046875 0.064453125 0.845703125 0.0830078125 0.837890625 0.1162109375 0.83984375 0.1416015625 0.849609375 0.1669921875 0.8623046875 0.1796875 0.8837890625 0.181640625 0.900390625 0.1669921875 0.912109375 0.1357421875 0.9111328125 0.109375 0.90234375 0.0791015625 0.8837890625 0.0625
2 0.8623046875 0.369140625 0.84375 0.3818359375 0.830078125 0.4150390625 0.830078125 0.4462890625 0.8486328125 0.484375 0.8740234375 0.4921875 0.890625 0.4814453125 0.90625 0.4482421875 0.9052734375 0.412109375 0.892578125 0.3818359375 0.8740234375 0.369140625 0.8623046875 0.369140625
2 0.1005859375 0.91015625 0.0458984375 0.92578125 0.03515625 0.9365234375 0.03515625 0.9462890625 0.0615234375 0.96484375 0.1396484375 0.97265625 0.1865234375 0.962890625 0.20703125 0.9482421875 0.2060546875 0.935546875 0.1962890625 0.923828125 0.1689453125 0.9140625 0.1005859375 0.91015625
2 0.08203125 0.2919921875 0.078125 0.3662109375 0.0859375 0.4013671875 0.1064453125 0.427734375 0.125 0.4169921875 0.138671875 0.3837890625 0.1396484375 0.314453125 0.12890625 0.2705078125 0.1142578125 0.25390625 0.1044921875 0.25390625 0.08203125 0.2919921875
2 0.8544921875 0.677734375 0.7998046875 0.6953125 0.79296875 0.7158203125 0.8056640625 0.728515625 0.8349609375 0.73828125 0.9052734375 0.7421875 0.9541015625 0.728515625 0.966796875 0.7177734375 0.9677734375 0.708984375 0.9599609375 0.6953125 0.9345703125 0.68359375 0.8544921875 0.677734375
2 0.6630859375 0.583984375 0.619140625 0.6318359375 0.609375 0.6552734375 0.61328125 0.6767578125 0.6279296875 0.685546875 0.6474609375 0.685546875 0.7158203125 0.65234375 0.7578125 0.6064453125 0.7666015625 0.5703125 0.7509765625 0.552734375 0.7275390625 0.552734375 0.6630859375 0.583984375
2 0.248046875 0.1435546875 0.2080078125 0.095703125 0.1689453125 0.072265625 0.1552734375 0.0703125 0.138671875 0.0810546875 0.134765625 0.1064453125 0.140625 0.1298828125 0.162109375 0.1689453125 0.1904296875 0.201171875 0.2255859375 0.224609375 0.2490234375 0.228515625 0.263671875 0.2177734375 0.2646484375 0.185546875 0.248046875 0.1435546875
2 0.279296875 0.3310546875 0.2373046875 0.283203125 0.2216796875 0.275390625 0.2041015625 0.27734375 0.193359375 0.3017578125 0.203125 0.3603515625 0.251953125 0.4599609375 0.2880859375 0.498046875 0.3134765625 0.50390625 0.326171875 0.4931640625 0.3271484375 0.453125 0.310546875 0.3916015625 0.279296875 0.3310546875
2 0.796875 0.3701171875 0.8037109375 0.3046875 0.794921875 0.2529296875 0.7646484375 0.205078125 0.7392578125 0.19140625 0.7197265625 0.19140625 0.6875 0.2099609375 0.658203125 0.2646484375 0.65234375 0.3173828125 0.66015625 0.3720703125 0.6904296875 0.421875 0.7080078125 0.43359375 0.7353515625 0.4375 0.7490234375 0.43359375 0.775390625 0.4111328125 0.796875 0.3701171875
2 0.9091796875 0.9140625 0.92578125 0.8994140625 0.9306640625 0.87109375 0.9091796875 0.845703125 0.8701171875 0.828125 0.8076171875 0.814453125 0.7314453125 0.8125 0.6708984375 0.818359375 0.6162109375 0.833984375 0.576171875 0.8623046875 0.572265625 0.8896484375 0.5908203125 0.912109375 0.6376953125 0.93359375 0.6982421875 0.9453125 0.7802734375 0.947265625 0.8583984375 0.935546875 0.9091796875 0.9140625
2 0.3720703125 0.79296875 0.4287109375 0.751953125 0.482421875 0.6982421875 0.513671875 0.6494140625 0.5224609375 0.599609375 0.515625 0.5791015625 0.4970703125 0.564453125 0.4560546875 0.560546875 0.3935546875 0.578125 0.3486328125 0.6015625 0.2861328125 0.6484375 0.236328125 0.7021484375 0.205078125 0.7646484375 0.203125 0.7900390625 0.208984375 0.8076171875 0.2275390625 0.82421875 0.2587890625 0.830078125 0.3115234375 0.8203125 0.3720703125 0.79296875