2 0.0712890625 0.40625 0.0888671875 0.40234375 0.107421875 0.3798828125 0.130859375 0.3232421875 0.1259765625 0.296875 0.1142578125 0.296875 0.095703125 0.3154296875 0.0673828125 0.376953125 0.0712890625 0.40625
2 0.0341796875 0.67578125 0.0810546875 0.669921875 0.1318359375 0.638671875 0.140625 0.6201171875 0.1279296875 0.611328125 0.0966796875 0.6171875 0.0478515625 0.642578125 0.0302734375 0.6640625 0.0341796875 0.67578125
2 0.412109375 0.6201171875 0.423828125 0.6357421875 0.4501953125 0.654296875 0.4912109375 0.669921875 0.5234375 0.6650390625 0.5107421875 0.640625 0.4658203125 0.61328125 0.4345703125 0.60546875 0.4130859375 0.611328125 0.412109375 0.6201171875
2 0.0625 0.8857421875 0.0732421875 0.8984375 0.1044921875 0.912109375 0.1396484375 0.912109375 0.1630859375 0.904296875 0.181640625 0.8857421875 0.18359375 0.8759765625 0.1669921875 0.849609375 0.1337890625 0.837890625 0.0869140625 0.84375 0.064453125 0.8623046875 0.0615234375 0.873046875 0.0625 0.8857421875
2 0.298828125 0.4287109375 0.3212890625 0.44921875 0.3466796875 0.443359375 0.3671875 0.4033203125 0.3671875 0.3759765625 0.357421875 0.3447265625 0.3388671875 0.328125 0.3154296875 0.330078125 0.298828125 0.3486328125 0.2919921875 0.376953125 0.298828125 0.4287109375
2 0.369140625 0.8759765625 0.3779296875 0.890625 0.4013671875 0.904296875 0.4228515625 0.908203125 0.4658203125 0.90234375 0.494140625 0.8720703125 0.4794921875 0.84375 0.4482421875 0.830078125 0.3994140625 0.833984375 0.3779296875 0.845703125 0.3701171875 0.859375 0.369140625 0.8759765625
2 0.681640625 0.9326171875 0.697265625 0.9638671875 0.7158203125 0.96875 0.732421875 0.9501953125 0.744140625 0.8916015625 0.73828125 0.8291015625 0.7177734375 0.79296875 0.7060546875 0.791015625 0.69140625 0.8037109375 0.6767578125 0.859375 0.681640625 0.9326171875
2 0.908203125 0.1533203125 0.916015625 0.1845703125 0.9306640625 0.20703125 0.9462890625 0.2109375 0.95703125 0.2021484375 0.96875 0.1767578125 0.974609375 0.1064453125 0.966796875 0.0615234375 0.9462890625 0.033203125 0.9326171875 0.03515625 0.921875 0.0478515625 0.9091796875 0.08984375 0.908203125 0.1533203125
2 0.2568359375 0.123046875 0.2900390625 0.138671875 0.3193359375 0.142578125 0.3896484375 0.138671875 0.4208984375 0.125 0.4296875 0.1142578125 0.4296875 0.1044921875 0.4189453125 0.091796875 0.3662109375 0.076171875 0.2998046875 0.078125 0.2666015625 0.08984375 0.2529296875 0.1015625 0.2568359375 0.123046875
2 0.0703125 0.1669921875 0.080078125 0.1884765625 0.1279296875 0.23828125 0.1845703125 0.265625 0.2138671875 0.265625 0.224609375 0.2568359375 0.228515625 0.2392578125 0.216796875 0.2099609375 0.1669921875 0.16015625 0.1103515625 0.134765625 0.0830078125 0.13671875 0.0712890625 0.150390625 0.0703125 0.1669921875
2 0.556640625 0.7587890625 0.5693359375 0.767578125 0.5927734375 0.765625 0.6298828125 0.740234375 0.6640625 0.7001953125 0.6796875 0.6689453125 0.685546875 0.6474609375 0.681640625 0.6181640625 0.6689453125 0.609375 0.6533203125 0.609375 0.6123046875 0.6328125 0.564453125 0.6904296875 0.5517578125 0.73828125 0.556640625 0.7587890625
2 0.28125 0.2353515625 0.2998046875 0.255859375 0.3779296875 0.3046875 0.4521484375 0.328125 0.4912109375 0.328125 0.50390625 0.3173828125 0.5 0.2900390625 0.4775390625 0.265625 0.4013671875 0.21875 0.3564453125 0.201171875 0.3154296875 0.193359375 0.2841796875 0.197265625 0.2744140625 0.2109375 0.28125 0.2353515625
2 0.193359375 0.7451171875 0.2216796875 0.779296875 0.2529296875 0.794921875 0.2919921875 0.802734375 0.3388671875 0.802734375 0.3759765625 0.794921875 0.4072265625 0.779296875 0.427734375 0.7587890625 0.4375 0.7333984375 0.435546875 0.7119140625 0.4189453125 0.6875 0.3798828125 0.6640625 0.3408203125 0.654296875 0.2900390625 0.654296875 0.2529296875 0.662109375 0.2080078125 0.689453125 0.1923828125 0.716796875 0.193359375 0.7451171875
2 0.814453125 0.8115234375 0.83203125 0.8837890625 0.8623046875 0.927734375 0.8896484375 0.931640625 0.912109375 0.9130859375 0.92578125 0.8876953125 0.947265625 0.7900390625 0.94140625 0.6689453125 0.92578125 0.6162109375 0.9013671875 0.578125 0.8837890625 0.5703125 0.8681640625 0.572265625 0.845703125 0.5927734375 0.82421875 0.6435546875 0.8134765625 0.7109375 0.814453125 0.8115234375
2 0.5625 0.4931640625 0.5810546875 0.517578125 0.5947265625 0.5234375 0.6220703125 0.5234375 0.6513671875 0.513671875 0.7158203125 0.46875 0.779296875 0.3955078125 0.8125 0.3349609375 0.830078125 0.2744140625 0.830078125 0.2451171875 0.8203125 0.2197265625 0.7958984375 0.203125 0.7587890625 0.205078125 0.7275390625 0.21875 0.6748046875 0.2578125 0.630859375 0.3056640625 0.595703125 0.3564453125 0.576171875 0.3955078125 0.5615234375 0.447265625 0.5625 0.4931640625