2 0.61328125 0.8681640625 0.6171875 0.9013671875 0.640625 0.9482421875 0.6572265625 0.966796875 0.6689453125 0.970703125 0.67578125 0.9658203125 0.6748046875 0.939453125 0.650390625 0.8837890625 0.6279296875 0.861328125 0.6181640625 0.861328125 0.61328125 0.8681640625
2 0.296875 0.8740234375 0.298828125 0.8876953125 0.3095703125 0.8984375 0.3466796875 0.921875 0.3935546875 0.93359375 0.404296875 0.9287109375 0.4033203125 0.916015625 0.3779296875 0.892578125 0.3466796875 0.876953125 0.3134765625 0.869140625 0.296875 0.8740234375
2 0.607421875 0.5576171875 0.60546875 0.5751953125 0.6123046875 0.587890625 0.6298828125 0.580078125 0.654296875 0.5478515625 0.669921875 0.5068359375 0.6689453125 0.482421875 0.6650390625 0.4765625 0.6533203125 0.478515625 0.626953125 0.5087890625 0.607421875 0.5576171875
2 0.8681640625 0.818359375 0.8515625 0.8310546875 0.83984375 0.8583984375 0.83984375 0.8974609375 0.8603515625 0.93359375 0.8818359375 0.9375 0.8984375 0.9248046875 0.91015625 0.8994140625 0.9111328125 0.8671875 0.90234375 0.8369140625 0.8857421875 0.8203125 0.8681640625 0.818359375
2 0.330078125 0.6591796875 0.328125 0.6787109375 0.3564453125 0.703125 0.4052734375 0.70703125 0.4326171875 0.697265625 0.4453125 0.6845703125 0.4482421875 0.666015625 0.4248046875 0.640625 0.3798828125 0.6328125 0.3388671875 0.6484375 0.330078125 0.6591796875
2 0.8623046875 0.5078125 0.845703125 0.5185546875 0.830078125 0.5576171875 0.830078125 0.5830078125 0.8505859375 0.625 0.8740234375 0.630859375 0.892578125 0.6181640625 0.90625 0.5849609375 0.9052734375 0.55078125 0.8984375 0.5302734375 0.8818359375 0.51171875 0.8623046875 0.5078125
2 0.037109375 0.0498046875 0.03515625 0.0654296875 0.0712890625 0.0859375 0.1396484375 0.091796875 0.1982421875 0.076171875 0.208984375 0.0615234375 0.2080078125 0.052734375 0.1708984375 0.03125 0.1005859375 0.02734375 0.0478515625 0.041015625 0.037109375 0.0498046875
2 0.08203125 0.6064453125 0.076171875 0.6748046875 0.0859375 0.7236328125 0.1064453125 0.748046875 0.123046875 0.7392578125 0.134765625 0.7177734375 0.1416015625 0.646484375 0.1328125 0.5947265625 0.1162109375 0.572265625 0.1025390625 0.572265625 0.08203125 0.6064453125
2 0.8173828125 0.265625 0.8017578125 0.2734375 0.791015625 0.2900390625 0.794921875 0.2998046875 0.8134765625 0.3125 0.8896484375 0.32421875 0.9541015625 0.30859375 0.966796875 0.2958984375 0.9658203125 0.28125 0.9345703125 0.263671875 0.8779296875 0.255859375 0.8173828125 0.265625
2 0.2333984375 0.7734375 0.2060546875 0.787109375 0.171875 0.8193359375 0.138671875 0.8779296875 0.134765625 0.9091796875 0.1435546875 0.92578125 0.1591796875 0.9296875 0.1865234375 0.919921875 0.232421875 0.8779296875 0.26171875 0.8271484375 0.2646484375 0.7890625 0.2548828125 0.775390625 0.2333984375 0.7734375
2 0.748046875 0.3798828125 0.6923828125 0.33203125 0.6455078125 0.314453125 0.6240234375 0.31640625 0.611328125 0.3271484375 0.611328125 0.3525390625 0.626953125 0.3798828125 0.6494140625 0.404296875 0.6904296875 0.43359375 0.7275390625 0.447265625 0.7509765625 0.447265625 0.763671875 0.4384765625 0.7666015625 0.419921875 0.748046875 0.3798828125
2 0.236328125 0.5634765625 0.197265625 0.6630859375 0.193359375 0.6962890625 0.2041015625 0.72265625 0.2216796875 0.724609375 0.2373046875 0.716796875 0.287109375 0.6552734375 0.322265625 0.5751953125 0.3271484375 0.51171875 0.3154296875 0.49609375 0.2880859375 0.501953125 0.236328125 0.5634765625
2 0.8037109375 0.673828125 0.7890625 0.6103515625 0.7607421875 0.57421875 0.7431640625 0.564453125 0.7216796875 0.5625 0.6875 0.5810546875 0.66015625 0.6298828125 0.65234375 0.6884765625 0.662109375 0.7470703125 0.6904296875 0.79296875 0.7080078125 0.8046875 0.7373046875 0.80859375 0.77734375 0.7802734375 0.798828125 0.7333984375 0.8037109375 0.673828125
2 0.9033203125 0.158203125 0.927734375 0.1376953125 0.9306640625 0.109375 0.9033203125 0.08203125 0.8603515625 0.064453125 0.7900390625 0.052734375 0.7138671875 0.052734375 0.6513671875 0.0625 0.5966796875 0.083984375 0.578125 0.0986328125 0.572265625 0.1298828125 0.5927734375 0.154296875 0.6591796875 0.1796875 0.7138671875 0.1875 0.7880859375 0.1875 0.8583984375 0.17578125 0.9033203125 0.158203125
2 0.3935546875 0.421875 0.4462890625 0.4375 0.4990234375 0.43359375 0.517578125 0.4169921875 0.5224609375 0.390625 0.513671875 0.3525390625 0.482421875 0.3017578125 0.4482421875 0.265625 0.3896484375 0.21875 0.3310546875 0.1875 0.2802734375 0.171875 0.2392578125 0.171875 0.208984375 0.1923828125 0.203125 0.2099609375 0.205078125 0.2353515625 0.224609375 0.2802734375 0.2861328125 0.3515625 0.3369140625 0.390625 0.3935546875 0.421875