2 0.3662109375 0.0703125 0.3310546875 0.0859375 0.298828125 0.1123046875 0.296875 0.1259765625 0.3212890625 0.130859375 0.3681640625 0.11328125 0.40234375 0.0869140625 0.40625 0.0732421875 0.396484375 0.0673828125 0.3662109375 0.0703125
2 0.6572265625 0.033203125 0.626953125 0.0732421875 0.611328125 0.1201171875 0.6201171875 0.140625 0.640625 0.1298828125 0.669921875 0.0810546875 0.677734375 0.0498046875 0.671875 0.0302734375 0.6572265625 0.033203125
2 0.60546875 0.4208984375 0.61328125 0.4638671875 0.638671875 0.5087890625 0.6630859375 0.525390625 0.669921875 0.5185546875 0.666015625 0.4775390625 0.63671875 0.4248046875 0.615234375 0.4111328125 0.60546875 0.4208984375
2 0.8701171875 0.060546875 0.8515625 0.0732421875 0.837890625 0.1064453125 0.84375 0.1572265625 0.8701171875 0.18359375 0.8857421875 0.181640625 0.900390625 0.1689453125 0.9140625 0.1220703125 0.904296875 0.0810546875 0.880859375 0.0615234375 0.8701171875 0.060546875
2 0.3505859375 0.298828125 0.330078125 0.3173828125 0.328125 0.3369140625 0.3427734375 0.35546875 0.3662109375 0.365234375 0.3974609375 0.3671875 0.4306640625 0.357421875 0.447265625 0.3408203125 0.447265625 0.3173828125 0.4326171875 0.302734375 0.392578125 0.2919921875 0.3505859375 0.298828125
2 0.8525390625 0.373046875 0.833984375 0.3974609375 0.830078125 0.4482421875 0.84375 0.4794921875 0.8544921875 0.490234375 0.8720703125 0.494140625 0.8984375 0.4736328125 0.908203125 0.4228515625 0.892578125 0.3798828125 0.869140625 0.3681640625 0.8525390625 0.373046875
2 0.1044921875 0.251953125 0.09375 0.2607421875 0.076171875 0.3193359375 0.083984375 0.4013671875 0.1064453125 0.4296875 0.126953125 0.4169921875 0.142578125 0.3583984375 0.13671875 0.2880859375 0.125 0.2626953125 0.11328125 0.2529296875 0.1044921875 0.251953125
2 0.0732421875 0.912109375 0.0400390625 0.927734375 0.033203125 0.9443359375 0.0576171875 0.96484375 0.1064453125 0.974609375 0.1669921875 0.970703125 0.20703125 0.9521484375 0.2109375 0.9365234375 0.2021484375 0.92578125 0.150390625 0.9091796875 0.0732421875 0.912109375
2 0.8583984375 0.67578125 0.8173828125 0.685546875 0.79296875 0.7021484375 0.791015625 0.7138671875 0.8076171875 0.73046875 0.8701171875 0.744140625 0.9248046875 0.740234375 0.966796875 0.7177734375 0.96875 0.7060546875 0.9580078125 0.693359375 0.9326171875 0.681640625 0.8984375 0.6767578125 0.8583984375 0.67578125
2 0.1435546875 0.07421875 0.134765625 0.0927734375 0.138671875 0.1220703125 0.15625 0.1591796875 0.2060546875 0.212890625 0.2353515625 0.2265625 0.2509765625 0.2265625 0.263671875 0.2158203125 0.265625 0.1904296875 0.25 0.1494140625 0.232421875 0.1220703125 0.1982421875 0.087890625 0.158203125 0.0712890625 0.1435546875 0.07421875
2 0.7080078125 0.55859375 0.6455078125 0.599609375 0.61328125 0.6435546875 0.61328125 0.6767578125 0.6298828125 0.685546875 0.6630859375 0.681640625 0.7021484375 0.662109375 0.7353515625 0.634765625 0.767578125 0.5830078125 0.763671875 0.5615234375 0.751953125 0.5537109375 0.7080078125 0.55859375
2 0.2041015625 0.27734375 0.1953125 0.2919921875 0.19921875 0.3466796875 0.212890625 0.3876953125 0.26171875 0.4716796875 0.2919921875 0.5 0.3154296875 0.50390625 0.328125 0.4873046875 0.328125 0.4560546875 0.306640625 0.3837890625 0.26171875 0.3076171875 0.22265625 0.2763671875 0.2041015625 0.27734375
2 0.7119140625 0.193359375 0.6796875 0.2197265625 0.66015625 0.2607421875 0.65234375 0.3095703125 0.658203125 0.3623046875 0.671875 0.3974609375 0.6884765625 0.419921875 0.7197265625 0.4375 0.7568359375 0.4296875 0.783203125 0.4013671875 0.798828125 0.3642578125 0.8046875 0.3232421875 0.80078125 0.2744140625 0.783203125 0.2275390625 0.7587890625 0.201171875 0.73828125 0.1923828125 0.7119140625 0.193359375
2 0.6962890625 0.814453125 0.6162109375 0.833984375 0.580078125 0.8564453125 0.572265625 0.8896484375 0.5908203125 0.912109375 0.6220703125 0.927734375 0.7216796875 0.947265625 0.8330078125 0.94140625 0.8857421875 0.92578125 0.92578125 0.8994140625 0.931640625 0.8701171875 0.9091796875 0.845703125 0.8525390625 0.822265625 0.78125 0.8134765625 0.6962890625 0.814453125
2 0.4267578125 0.56640625 0.3701171875 0.58984375 0.3095703125 0.62890625 0.259765625 0.6748046875 0.23046875 0.7119140625 0.20703125 0.7587890625 0.205078125 0.7978515625 0.2158203125 0.81640625 0.2412109375 0.828125 0.2783203125 0.828125 0.3310546875 0.8125 0.4072265625 0.76953125 0.47265625 0.7099609375 0.515625 0.6435546875 0.5234375 0.6005859375 0.5087890625 0.572265625 0.46875 0.5615234375 0.4267578125 0.56640625