2 0.9296875 0.3662109375 0.9140625 0.3310546875 0.8876953125 0.298828125 0.8740234375 0.296875 0.869140625 0.3212890625 0.88671875 0.3681640625 0.9130859375 0.40234375 0.9267578125 0.40625 0.9326171875 0.396484375 0.9296875 0.3662109375
2 0.966796875 0.6572265625 0.9267578125 0.626953125 0.8798828125 0.611328125 0.859375 0.6201171875 0.8701171875 0.640625 0.9189453125 0.669921875 0.9501953125 0.677734375 0.9697265625 0.671875 0.966796875 0.6572265625
2 0.5791015625 0.60546875 0.5361328125 0.61328125 0.4912109375 0.638671875 0.474609375 0.6630859375 0.4814453125 0.669921875 0.5224609375 0.666015625 0.5751953125 0.63671875 0.5888671875 0.615234375 0.5791015625 0.60546875
2 0.939453125 0.8701171875 0.9267578125 0.8515625 0.8935546875 0.837890625 0.8427734375 0.84375 0.81640625 0.8701171875 0.818359375 0.8857421875 0.8310546875 0.900390625 0.8779296875 0.9140625 0.9189453125 0.904296875 0.9384765625 0.880859375 0.939453125 0.8701171875
2 0.701171875 0.3505859375 0.6826171875 0.330078125 0.6630859375 0.328125 0.64453125 0.3427734375 0.634765625 0.3662109375 0.6328125 0.3974609375 0.642578125 0.4306640625 0.6591796875 0.447265625 0.6826171875 0.447265625 0.697265625 0.4326171875 0.7080078125 0.392578125 0.701171875 0.3505859375
2 0.626953125 0.8525390625 0.6025390625 0.833984375 0.5517578125 0.830078125 0.5205078125 0.84375 0.509765625 0.8544921875 0.505859375 0.8720703125 0.5263671875 0.8984375 0.5771484375 0.908203125 0.6201171875 0.892578125 0.6318359375 0.869140625 0.626953125 0.8525390625
2 0.748046875 0.1044921875 0.7392578125 0.09375 0.6806640625 0.076171875 0.5986328125 0.083984375 0.5703125 0.1064453125 0.5830078125 0.126953125 0.6416015625 0.142578125 0.7119140625 0.13671875 0.7373046875 0.125 0.7470703125 0.11328125 0.748046875 0.1044921875
2 0.087890625 0.0732421875 0.072265625 0.0400390625 0.0556640625 0.033203125 0.03515625 0.0576171875 0.025390625 0.1064453125 0.029296875 0.1669921875 0.0478515625 0.20703125 0.0634765625 0.2109375 0.07421875 0.2021484375 0.0908203125 0.150390625 0.087890625 0.0732421875
2 0.32421875 0.8583984375 0.314453125 0.8173828125 0.2978515625 0.79296875 0.2861328125 0.791015625 0.26953125 0.8076171875 0.255859375 0.8701171875 0.259765625 0.9248046875 0.2822265625 0.966796875 0.2939453125 0.96875 0.306640625 0.9580078125 0.318359375 0.9326171875 0.3232421875 0.8984375 0.32421875 0.8583984375
2 0.92578125 0.1435546875 0.9072265625 0.134765625 0.8779296875 0.138671875 0.8408203125 0.15625 0.787109375 0.2060546875 0.7734375 0.2353515625 0.7734375 0.2509765625 0.7841796875 0.263671875 0.8095703125 0.265625 0.8505859375 0.25 0.8779296875 0.232421875 0.912109375 0.1982421875 0.9287109375 0.158203125 0.92578125 0.1435546875
2 0.44140625 0.7080078125 0.400390625 0.6455078125 0.3564453125 0.61328125 0.3232421875 0.61328125 0.314453125 0.6298828125 0.318359375 0.6630859375 0.337890625 0.7021484375 0.365234375 0.7353515625 0.4169921875 0.767578125 0.4384765625 0.763671875 0.4462890625 0.751953125 0.44140625 0.7080078125
2 0.72265625 0.2041015625 0.7080078125 0.1953125 0.6533203125 0.19921875 0.6123046875 0.212890625 0.5283203125 0.26171875 0.5 0.2919921875 0.49609375 0.3154296875 0.5126953125 0.328125 0.5439453125 0.328125 0.6162109375 0.306640625 0.6923828125 0.26171875 0.7236328125 0.22265625 0.72265625 0.2041015625
2 0.806640625 0.7119140625 0.7802734375 0.6796875 0.7392578125 0.66015625 0.6904296875 0.65234375 0.6376953125 0.658203125 0.6025390625 0.671875 0.580078125 0.6884765625 0.5625 0.7197265625 0.5703125 0.7568359375 0.5986328125 0.783203125 0.6357421875 0.798828125 0.6767578125 0.8046875 0.7255859375 0.80078125 0.7724609375 0.783203125 0.798828125 0.7587890625 0.8076171875 0.73828125 0.806640625 0.7119140625
2 0.185546875 0.6962890625 0.166015625 0.6162109375 0.1435546875 0.580078125 0.1103515625 0.572265625 0.087890625 0.5908203125 0.072265625 0.6220703125 0.052734375 0.7216796875 0.05859375 0.8330078125 0.07421875 0.8857421875 0.1005859375 0.92578125 0.1298828125 0.931640625 0.154296875 0.9091796875 0.177734375 0.8525390625 0.1865234375 0.78125 0.185546875 0.6962890625
2 0.43359375 0.4267578125 0.41015625 0.3701171875 0.37109375 0.3095703125 0.3251953125 0.259765625 0.2880859375 0.23046875 0.2412109375 0.20703125 0.2021484375 0.205078125 0.18359375 0.2158203125 0.171875 0.2412109375 0.171875 0.2783203125 0.1875 0.3310546875 0.23046875 0.4072265625 0.2900390625 0.47265625 0.3564453125 0.515625 0.3994140625 0.5234375 0.427734375 0.5087890625 0.4384765625 0.46875 0.43359375 0.4267578125