2 0.8857421875 0.65234375 0.9404296875 0.67578125 0.966796875 0.6748046875 0.966796875 0.6572265625 0.9365234375 0.6328125 0.8857421875 0.61328125 0.861328125 0.6162109375 0.86328125 0.6318359375 0.8857421875 0.65234375
2 0.484375 0.6455078125 0.4765625 0.6650390625 0.509765625 0.6689453125 0.5693359375 0.640625 0.587890625 0.6123046875 0.5732421875 0.60546875 0.5556640625 0.607421875 0.5048828125 0.62890625 0.484375 0.6455078125
2 0.869140625 0.3193359375 0.876953125 0.3486328125 0.8984375 0.3876953125 0.9150390625 0.404296875 0.92578125 0.4052734375 0.93359375 0.3857421875 0.921875 0.3466796875 0.904296875 0.3154296875 0.8759765625 0.294921875 0.869140625 0.3017578125 0.869140625 0.3193359375
2 0.6630859375 0.328125 0.640625 0.3505859375 0.6328125 0.3955078125 0.64453125 0.4326171875 0.6591796875 0.447265625 0.67578125 0.4482421875 0.6845703125 0.4453125 0.703125 0.4208984375 0.70703125 0.3740234375 0.697265625 0.3447265625 0.6787109375 0.328125 0.6630859375 0.328125
2 0.8583984375 0.83984375 0.8330078125 0.849609375 0.8203125 0.8623046875 0.818359375 0.8837890625 0.8330078125 0.900390625 0.8642578125 0.912109375 0.890625 0.9111328125 0.9208984375 0.90234375 0.9375 0.8837890625 0.935546875 0.8623046875 0.9169921875 0.845703125 0.8837890625 0.837890625 0.8583984375 0.83984375
2 0.5537109375 0.830078125 0.515625 0.8486328125 0.5078125 0.8740234375 0.5185546875 0.890625 0.5517578125 0.90625 0.587890625 0.9052734375 0.6181640625 0.892578125 0.630859375 0.8740234375 0.630859375 0.8623046875 0.6181640625 0.84375 0.5849609375 0.830078125 0.5537109375 0.830078125
2 0.0537109375 0.03515625 0.03515625 0.0615234375 0.02734375 0.1396484375 0.037109375 0.1865234375 0.0517578125 0.20703125 0.064453125 0.2060546875 0.076171875 0.1962890625 0.0859375 0.1689453125 0.08984375 0.1005859375 0.07421875 0.0458984375 0.0634765625 0.03515625 0.0537109375 0.03515625
2 0.5986328125 0.0859375 0.572265625 0.1064453125 0.5830078125 0.125 0.6162109375 0.138671875 0.685546875 0.1396484375 0.7294921875 0.12890625 0.74609375 0.1142578125 0.74609375 0.1044921875 0.7080078125 0.08203125 0.6337890625 0.078125 0.5986328125 0.0859375
2 0.271484375 0.8056640625 0.26171875 0.8349609375 0.2578125 0.9052734375 0.271484375 0.9541015625 0.2822265625 0.966796875 0.291015625 0.9677734375 0.3046875 0.9599609375 0.31640625 0.9345703125 0.322265625 0.8544921875 0.3046875 0.7998046875 0.2841796875 0.79296875 0.271484375 0.8056640625
2 0.3232421875 0.61328125 0.314453125 0.6279296875 0.314453125 0.6474609375 0.34765625 0.7158203125 0.3935546875 0.7578125 0.4296875 0.7666015625 0.447265625 0.7509765625 0.447265625 0.7275390625 0.416015625 0.6630859375 0.3681640625 0.619140625 0.3447265625 0.609375 0.3232421875 0.61328125
2 0.8935546875 0.134765625 0.8701171875 0.140625 0.8310546875 0.162109375 0.798828125 0.1904296875 0.775390625 0.2255859375 0.771484375 0.2490234375 0.7822265625 0.263671875 0.814453125 0.2646484375 0.8564453125 0.248046875 0.904296875 0.2080078125 0.927734375 0.1689453125 0.9296875 0.1552734375 0.9189453125 0.138671875 0.8935546875 0.134765625
2 0.6982421875 0.193359375 0.6396484375 0.203125 0.5400390625 0.251953125 0.501953125 0.2880859375 0.49609375 0.3134765625 0.5068359375 0.326171875 0.546875 0.3271484375 0.6083984375 0.310546875 0.6689453125 0.279296875 0.716796875 0.2373046875 0.724609375 0.2216796875 0.72265625 0.2041015625 0.6982421875 0.193359375
2 0.7353515625 0.658203125 0.6826171875 0.65234375 0.6279296875 0.66015625 0.578125 0.6904296875 0.56640625 0.7080078125 0.5625 0.7353515625 0.56640625 0.7490234375 0.5888671875 0.775390625 0.6298828125 0.796875 0.6953125 0.8037109375 0.7470703125 0.794921875 0.794921875 0.7646484375 0.80859375 0.7392578125 0.80859375 0.7197265625 0.7900390625 0.6875 0.7353515625 0.658203125
2 0.166015625 0.6162109375 0.1376953125 0.576171875 0.1103515625 0.572265625 0.087890625 0.5908203125 0.06640625 0.6376953125 0.0546875 0.6982421875 0.052734375 0.7802734375 0.064453125 0.8583984375 0.0859375 0.9091796875 0.1005859375 0.92578125 0.12890625 0.9306640625 0.154296875 0.9091796875 0.171875 0.8701171875 0.185546875 0.8076171875 0.1875 0.7314453125 0.181640625 0.6708984375 0.166015625 0.6162109375
2 0.3515625 0.2861328125 0.2978515625 0.236328125 0.2353515625 0.205078125 0.2099609375 0.203125 0.1923828125 0.208984375 0.17578125 0.2275390625 0.169921875 0.2587890625 0.1796875 0.3115234375 0.20703125 0.3720703125 0.248046875 0.4287109375 0.3017578125 0.482421875 0.3505859375 0.513671875 0.400390625 0.5224609375 0.4208984375 0.515625 0.435546875 0.4970703125 0.439453125 0.4560546875 0.421875 0.3935546875 0.3984375 0.3486328125 0.3515625 0.2861328125