2 0.67578125 0.0341796875 0.6689453125 0.029296875 0.6572265625 0.033203125 0.640625 0.0517578125 0.615234375 0.1044921875 0.61328125 0.1337890625 0.6181640625 0.138671875 0.6318359375 0.13671875 0.650390625 0.1162109375 0.6748046875 0.05859375 0.67578125 0.0341796875
2 0.404296875 0.0712890625 0.3955078125 0.06640625 0.3564453125 0.07421875 0.3134765625 0.09765625 0.294921875 0.1220703125 0.3037109375 0.130859375 0.3486328125 0.123046875 0.3779296875 0.107421875 0.4033203125 0.083984375 0.404296875 0.0712890625
2 0.669921875 0.4912109375 0.654296875 0.4521484375 0.6298828125 0.419921875 0.6123046875 0.412109375 0.60546875 0.4228515625 0.609375 0.4521484375 0.62890625 0.4951171875 0.6533203125 0.521484375 0.6650390625 0.5234375 0.6689453125 0.517578125 0.669921875 0.4912109375
2 0.908203125 0.0947265625 0.896484375 0.0732421875 0.8818359375 0.0625 0.8603515625 0.06640625 0.84765625 0.0810546875 0.83984375 0.1044921875 0.83984375 0.1376953125 0.8515625 0.1689453125 0.8681640625 0.181640625 0.8857421875 0.1796875 0.90625 0.1533203125 0.9111328125 0.126953125 0.908203125 0.0947265625
2 0.4453125 0.3154296875 0.4345703125 0.3046875 0.4052734375 0.29296875 0.3564453125 0.296875 0.3330078125 0.3125 0.328125 0.3232421875 0.330078125 0.3408203125 0.3388671875 0.3515625 0.3798828125 0.3671875 0.4306640625 0.357421875 0.4482421875 0.333984375 0.4453125 0.3154296875
2 0.90625 0.4130859375 0.89453125 0.3837890625 0.8720703125 0.3671875 0.8466796875 0.365234375 0.8447265625 0.37109375 0.8525390625 0.3671875 0.853515625 0.3720703125 0.830078125 0.4130859375 0.830078125 0.4482421875 0.84375 0.4794921875 0.8603515625 0.4921875 0.8759765625 0.4921875 0.892578125 0.4794921875 0.9052734375 0.451171875 0.90625 0.4130859375
2 0.1982421875 0.923828125 0.1396484375 0.908203125 0.0712890625 0.9140625 0.0458984375 0.923828125 0.03515625 0.9365234375 0.03515625 0.9482421875 0.0498046875 0.9609375 0.1025390625 0.97265625 0.1787109375 0.966796875 0.2080078125 0.9453125 0.1982421875 0.923828125
2 0.13671875 0.2861328125 0.123046875 0.2587890625 0.1044921875 0.251953125 0.0859375 0.2763671875 0.076171875 0.3212890625 0.080078125 0.3876953125 0.091796875 0.4169921875 0.1025390625 0.427734375 0.1123046875 0.4296875 0.126953125 0.4169921875 0.138671875 0.3876953125 0.1416015625 0.357421875 0.13671875 0.2861328125
2 0.966796875 0.7021484375 0.9521484375 0.689453125 0.8935546875 0.67578125 0.8291015625 0.681640625 0.8037109375 0.69140625 0.791015625 0.7060546875 0.794921875 0.7197265625 0.8173828125 0.734375 0.8681640625 0.744140625 0.9423828125 0.734375 0.9677734375 0.71484375 0.966796875 0.7021484375
2 0.26171875 0.1708984375 0.224609375 0.1123046875 0.1748046875 0.07421875 0.1435546875 0.07421875 0.134765625 0.0888671875 0.138671875 0.1240234375 0.171875 0.1806640625 0.2080078125 0.21484375 0.2373046875 0.228515625 0.2568359375 0.224609375 0.2646484375 0.212890625 0.26171875 0.1708984375
2 0.765625 0.5634765625 0.7509765625 0.552734375 0.7275390625 0.552734375 0.6904296875 0.56640625 0.6513671875 0.59375 0.626953125 0.6201171875 0.611328125 0.6474609375 0.611328125 0.6728515625 0.6279296875 0.685546875 0.6455078125 0.685546875 0.6923828125 0.66796875 0.75 0.6181640625 0.7666015625 0.580078125 0.765625 0.5634765625
2 0.322265625 0.4228515625 0.2890625 0.3466796875 0.2470703125 0.291015625 0.2236328125 0.275390625 0.2060546875 0.275390625 0.193359375 0.2978515625 0.1953125 0.3291015625 0.20703125 0.3740234375 0.236328125 0.4365234375 0.2900390625 0.5 0.3115234375 0.505859375 0.3271484375 0.490234375 0.322265625 0.4228515625
2 0.79296875 0.2490234375 0.7607421875 0.203125 0.7451171875 0.193359375 0.7197265625 0.19140625 0.6875 0.2099609375 0.66015625 0.2587890625 0.65234375 0.3173828125 0.662109375 0.3759765625 0.6904296875 0.421875 0.7216796875 0.4375 0.7587890625 0.427734375 0.7890625 0.3896484375 0.8037109375 0.3203125 0.79296875 0.2490234375
2 0.92578125 0.8603515625 0.9091796875 0.845703125 0.8564453125 0.82421875 0.7802734375 0.8125 0.6962890625 0.814453125 0.6318359375 0.828125 0.5908203125 0.84765625 0.572265625 0.8720703125 0.57421875 0.8935546875 0.5966796875 0.916015625 0.6455078125 0.935546875 0.7197265625 0.947265625 0.7861328125 0.947265625 0.8583984375 0.935546875 0.9052734375 0.916015625 0.9306640625 0.888671875 0.92578125 0.8603515625
2 0.515625 0.5791015625 0.4970703125 0.564453125 0.4755859375 0.560546875 0.4091796875 0.572265625 0.3330078125 0.611328125 0.267578125 0.6650390625 0.224609375 0.7197265625 0.203125 0.7744140625 0.2109375 0.8115234375 0.2275390625 0.82421875 0.2626953125 0.830078125 0.3115234375 0.8203125 0.3681640625 0.794921875 0.4150390625 0.763671875 0.482421875 0.6982421875 0.515625 0.6435546875 0.5224609375 0.615234375 0.515625 0.5791015625