2 0.0517578125 0.640625 0.033203125 0.6572265625 0.029296875 0.6689453125 0.0341796875 0.67578125 0.060546875 0.6748046875 0.1162109375 0.650390625 0.138671875 0.6279296875 0.138671875 0.6181640625 0.1318359375 0.61328125 0.0986328125 0.6171875 0.0517578125 0.640625
2 0.1015625 0.3095703125 0.078125 0.3466796875 0.06640625 0.3935546875 0.0712890625 0.404296875 0.083984375 0.4033203125 0.107421875 0.3779296875 0.123046875 0.3466796875 0.130859375 0.3134765625 0.1259765625 0.296875 0.1123046875 0.298828125 0.1015625 0.3095703125
2 0.412109375 0.6123046875 0.419921875 0.6298828125 0.4521484375 0.654296875 0.4931640625 0.669921875 0.517578125 0.6689453125 0.5234375 0.6650390625 0.521484375 0.6533203125 0.4912109375 0.626953125 0.4423828125 0.607421875 0.4248046875 0.60546875 0.412109375 0.6123046875
2 0.1025390625 0.83984375 0.06640625 0.8603515625 0.0625 0.8818359375 0.0751953125 0.8984375 0.1005859375 0.91015625 0.1328125 0.9111328125 0.1630859375 0.90234375 0.1796875 0.8857421875 0.181640625 0.8681640625 0.1689453125 0.8515625 0.1416015625 0.83984375 0.1025390625 0.83984375
2 0.296875 0.3564453125 0.29296875 0.4052734375 0.302734375 0.4326171875 0.3154296875 0.4453125 0.333984375 0.4482421875 0.359375 0.4248046875 0.3671875 0.3798828125 0.3515625 0.3388671875 0.3408203125 0.330078125 0.3212890625 0.328125 0.296875 0.3564453125
2 0.4169921875 0.830078125 0.375 0.8505859375 0.369140625 0.8740234375 0.3818359375 0.892578125 0.4150390625 0.90625 0.44921875 0.9052734375 0.4697265625 0.8984375 0.48828125 0.8818359375 0.4921875 0.8623046875 0.4814453125 0.845703125 0.4423828125 0.830078125 0.4169921875 0.830078125
2 0.9140625 0.0712890625 0.908203125 0.1396484375 0.923828125 0.1982421875 0.9384765625 0.208984375 0.947265625 0.2080078125 0.96875 0.1708984375 0.97265625 0.1005859375 0.958984375 0.0478515625 0.9501953125 0.037109375 0.9345703125 0.03515625 0.9140625 0.0712890625
2 0.2763671875 0.0859375 0.251953125 0.1064453125 0.2607421875 0.123046875 0.2822265625 0.134765625 0.353515625 0.1416015625 0.4052734375 0.1328125 0.427734375 0.1162109375 0.427734375 0.1025390625 0.3935546875 0.08203125 0.3251953125 0.076171875 0.2763671875 0.0859375
2 0.7001953125 0.794921875 0.6875 0.8134765625 0.67578125 0.8896484375 0.69140625 0.9541015625 0.7041015625 0.966796875 0.71875 0.9658203125 0.736328125 0.9345703125 0.744140625 0.8779296875 0.734375 0.8173828125 0.7265625 0.8017578125 0.7099609375 0.791015625 0.7001953125 0.794921875
2 0.0908203125 0.134765625 0.07421875 0.1435546875 0.0703125 0.1591796875 0.080078125 0.1865234375 0.1220703125 0.232421875 0.1728515625 0.26171875 0.2109375 0.2646484375 0.224609375 0.2548828125 0.2265625 0.2333984375 0.212890625 0.2060546875 0.1806640625 0.171875 0.1220703125 0.138671875 0.0908203125 0.134765625
2 0.6474609375 0.611328125 0.6201171875 0.626953125 0.595703125 0.6494140625 0.56640625 0.6904296875 0.552734375 0.7275390625 0.552734375 0.7509765625 0.5615234375 0.763671875 0.580078125 0.7666015625 0.6201171875 0.748046875 0.66796875 0.6923828125 0.685546875 0.6455078125 0.68359375 0.6240234375 0.6728515625 0.611328125 0.6474609375 0.611328125
2 0.27734375 0.2041015625 0.275390625 0.2216796875 0.283203125 0.2373046875 0.3447265625 0.287109375 0.4248046875 0.322265625 0.48828125 0.3271484375 0.50390625 0.3154296875 0.498046875 0.2880859375 0.4365234375 0.236328125 0.3369140625 0.197265625 0.3037109375 0.193359375 0.27734375 0.2041015625
2 0.3701171875 0.66015625 0.3115234375 0.65234375 0.2529296875 0.662109375 0.20703125 0.6904296875 0.1953125 0.7080078125 0.19140625 0.7373046875 0.2197265625 0.77734375 0.2666015625 0.798828125 0.326171875 0.8037109375 0.3896484375 0.7890625 0.42578125 0.7607421875 0.435546875 0.7431640625 0.4375 0.7216796875 0.4189453125 0.6875 0.3701171875 0.66015625
2 0.916015625 0.5966796875 0.9013671875 0.578125 0.8701171875 0.572265625 0.845703125 0.5927734375 0.8203125 0.6591796875 0.8125 0.7138671875 0.8125 0.7880859375 0.82421875 0.8583984375 0.841796875 0.9033203125 0.8623046875 0.927734375 0.890625 0.9306640625 0.91796875 0.9033203125 0.935546875 0.8603515625 0.947265625 0.7900390625 0.947265625 0.7138671875 0.9375 0.6513671875 0.916015625 0.5966796875
2 0.828125 0.2802734375 0.828125 0.2392578125 0.8076171875 0.208984375 0.7900390625 0.203125 0.7646484375 0.205078125 0.7197265625 0.224609375 0.6484375 0.2861328125 0.609375 0.3369140625 0.578125 0.3935546875 0.5625 0.4462890625 0.56640625 0.4990234375 0.5830078125 0.517578125 0.609375 0.5224609375 0.6474609375 0.513671875 0.6982421875 0.482421875 0.734375 0.4482421875 0.78125 0.3896484375 0.8125 0.3310546875 0.828125 0.2802734375