2 0.59765625 0.9111328125 0.59375 0.9287109375 0.623046875 0.9326171875 0.6845703125 0.904296875 0.703125 0.8857421875 0.703125 0.8740234375 0.6767578125 0.869140625 0.6201171875 0.892578125 0.59765625 0.9111328125
2 0.330078125 0.9189453125 0.32421875 0.9658203125 0.3359375 0.9697265625 0.357421875 0.9521484375 0.3828125 0.9033203125 0.388671875 0.8720703125 0.3798828125 0.859375 0.361328125 0.8681640625 0.330078125 0.9189453125
2 0.345703125 0.5498046875 0.3642578125 0.576171875 0.3798828125 0.587890625 0.388671875 0.5869140625 0.39453125 0.5654296875 0.38671875 0.5341796875 0.359375 0.4892578125 0.3349609375 0.4765625 0.330078125 0.5087890625 0.345703125 0.5498046875
2 0.1142578125 0.818359375 0.095703125 0.8369140625 0.087890625 0.8603515625 0.087890625 0.8955078125 0.1015625 0.9267578125 0.1142578125 0.9375 0.126953125 0.9384765625 0.1376953125 0.935546875 0.15625 0.9130859375 0.162109375 0.8662109375 0.150390625 0.8330078125 0.1240234375 0.81640625 0.1142578125 0.818359375
2 0.5966796875 0.6328125 0.556640625 0.6533203125 0.55078125 0.6787109375 0.5712890625 0.701171875 0.623046875 0.7080078125 0.6513671875 0.701171875 0.669921875 0.6845703125 0.671875 0.6611328125 0.6552734375 0.642578125 0.6240234375 0.6328125 0.5966796875 0.6328125
2 0.09765625 0.5341796875 0.091796875 0.5771484375 0.095703125 0.5986328125 0.109375 0.6220703125 0.1240234375 0.630859375 0.140625 0.6298828125 0.154296875 0.6220703125 0.166015625 0.6005859375 0.169921875 0.5517578125 0.15625 0.5205078125 0.1279296875 0.505859375 0.09765625 0.5341796875
2 0.0498046875 0.267578125 0.03125 0.2841796875 0.0361328125 0.302734375 0.0673828125 0.318359375 0.140625 0.3232421875 0.1962890625 0.30859375 0.208984375 0.2939453125 0.20703125 0.2822265625 0.1708984375 0.26171875 0.1083984375 0.255859375 0.0498046875 0.267578125
2 0.8232421875 0.03125 0.7978515625 0.04296875 0.7890625 0.0537109375 0.79296875 0.0693359375 0.8154296875 0.083984375 0.8466796875 0.091796875 0.91015625 0.0908203125 0.9521484375 0.078125 0.96484375 0.0673828125 0.966796875 0.0537109375 0.9384765625 0.033203125 0.8935546875 0.025390625 0.8232421875 0.03125
2 0.8857421875 0.5703125 0.875 0.5791015625 0.861328125 0.6103515625 0.857421875 0.6806640625 0.861328125 0.7099609375 0.876953125 0.7431640625 0.8984375 0.7470703125 0.91015625 0.7333984375 0.921875 0.7001953125 0.923828125 0.6337890625 0.908203125 0.5810546875 0.8955078125 0.5703125 0.8857421875 0.5703125
2 0.7431640625 0.775390625 0.734375 0.7861328125 0.734375 0.8154296875 0.76171875 0.8720703125 0.8115234375 0.919921875 0.8330078125 0.9296875 0.849609375 0.9287109375 0.86328125 0.9169921875 0.865234375 0.8896484375 0.83984375 0.8330078125 0.7900390625 0.783203125 0.7607421875 0.771484375 0.7431640625 0.775390625
2 0.3525390625 0.314453125 0.3310546875 0.3203125 0.2998046875 0.3359375 0.259765625 0.3701171875 0.234375 0.4072265625 0.232421875 0.4306640625 0.2412109375 0.443359375 0.26171875 0.4482421875 0.3095703125 0.435546875 0.3671875 0.3876953125 0.390625 0.3466796875 0.390625 0.3310546875 0.3818359375 0.318359375 0.3525390625 0.314453125
2 0.7099609375 0.5 0.6826171875 0.49609375 0.671875 0.5087890625 0.671875 0.5478515625 0.6953125 0.6220703125 0.744140625 0.7001953125 0.7646484375 0.71875 0.7890625 0.7255859375 0.802734375 0.7158203125 0.806640625 0.6845703125 0.798828125 0.6435546875 0.78125 0.5986328125 0.734375 0.5224609375 0.7099609375 0.5
2 0.3125 0.5810546875 0.2880859375 0.564453125 0.2666015625 0.5625 0.2412109375 0.572265625 0.220703125 0.5927734375 0.205078125 0.6240234375 0.197265625 0.6611328125 0.197265625 0.7080078125 0.205078125 0.7470703125 0.220703125 0.7783203125 0.2548828125 0.806640625 0.283203125 0.8076171875 0.310546875 0.7919921875 0.337890625 0.7470703125 0.345703125 0.7099609375 0.345703125 0.6591796875 0.3359375 0.6201171875 0.3125 0.5810546875
2 0.3837890625 0.07421875 0.3310546875 0.05859375 0.2099609375 0.052734375 0.1123046875 0.07421875 0.0869140625 0.087890625 0.068359375 0.1103515625 0.072265625 0.1376953125 0.1162109375 0.16796875 0.1884765625 0.185546875 0.2890625 0.1865234375 0.3564453125 0.17578125 0.4072265625 0.154296875 0.427734375 0.1318359375 0.4296875 0.1162109375 0.421875 0.0986328125 0.3837890625 0.07421875
2 0.794921875 0.2412109375 0.796875 0.2041015625 0.7802734375 0.1796875 0.7548828125 0.169921875 0.7255859375 0.169921875 0.6650390625 0.1875 0.6044921875 0.220703125 0.53125 0.2841796875 0.486328125 0.3486328125 0.4765625 0.3779296875 0.4765625 0.4052734375 0.482421875 0.4189453125 0.5068359375 0.4375 0.552734375 0.4384765625 0.6044921875 0.423828125 0.6435546875 0.404296875 0.6943359375 0.369140625 0.7421875 0.3251953125 0.78125 0.2724609375 0.794921875 0.2412109375