6 0.8193359375 0.95703125 0.88671875 0.8955078125 0.8251953125 0.828125 0.7587890625 0.888671875 0.8193359375 0.95703125
5 0.7001953125 0.724609375 0.8544921875 0.78515625 0.962890625 0.6533203125 0.8681640625 0.51171875 0.705078125 0.5556640625 0.6982421875 0.681640625 0.7001953125 0.724609375
3 0.625 0.3994140625 0.7392578125 0.490234375 0.7490234375 0.490234375 0.8818359375 0.4609375 0.951171875 0.3271484375 0.8857421875 0.189453125 0.7412109375 0.158203125 0.626953125 0.2490234375 0.6240234375 0.345703125 0.625 0.3994140625
1 0.7978515625 0.107421875 0.859375 0.1083984375 0.8603515625 0.158203125 0.8984375 0.1552734375 0.8994140625 0.107421875 0.951171875 0.1064453125 0.9501953125 0.07421875 0.8984375 0.0732421875 0.8955078125 0.033203125 0.859375 0.0341796875 0.8564453125 0.07421875 0.7978515625 0.07421875 0.7978515625 0.107421875
1 0.2587890625 0.115234375 0.3203125 0.1162109375 0.3232421875 0.1796875 0.349609375 0.1767578125 0.3505859375 0.115234375 0.416015625 0.1123046875 0.4150390625 0.083984375 0.349609375 0.0830078125 0.3486328125 0.03125 0.3203125 0.0322265625 0.3193359375 0.083984375 0.2568359375 0.0859375 0.2587890625 0.115234375
2 0.416015625 0.2119140625 0.4287109375 0.224609375 0.4833984375 0.244140625 0.5498046875 0.23828125 0.5771484375 0.224609375 0.59375 0.2021484375 0.59375 0.1865234375 0.5751953125 0.1640625 0.5263671875 0.146484375 0.4775390625 0.146484375 0.4443359375 0.15625 0.419921875 0.1728515625 0.4111328125 0.193359375 0.416015625 0.2119140625
2 0.1328125 0.8798828125 0.146484375 0.9228515625 0.1630859375 0.9453125 0.1787109375 0.955078125 0.2099609375 0.951171875 0.23828125 0.9130859375 0.25 0.8544921875 0.244140625 0.7998046875 0.2265625 0.7607421875 0.1962890625 0.73828125 0.1650390625 0.748046875 0.14453125 0.7763671875 0.1318359375 0.828125 0.1328125 0.8798828125
0 0.517578125 0.9033203125 0.533203125 0.9306640625 0.5576171875 0.953125 0.5966796875 0.966796875 0.6376953125 0.962890625 0.6630859375 0.94921875 0.685546875 0.9267578125 0.701171875 0.8876953125 0.701171875 0.8564453125 0.68359375 0.8154296875 0.6494140625 0.787109375 0.6142578125 0.77734375 0.5712890625 0.78515625 0.5458984375 0.80078125 0.5234375 0.8291015625 0.5146484375 0.857421875 0.517578125 0.9033203125
8 0.3212890625 0.90625 0.439453125 0.7861328125 0.2744140625 0.74609375 0.3212890625 0.90625
4 0.2236328125 0.529296875 0.3779296875 0.587890625 0.5078125 0.4833984375 0.486328125 0.3232421875 0.4736328125 0.3125 0.3271484375 0.2578125 0.1982421875 0.359375 0.2236328125 0.529296875
7 0.5625 0.6865234375 0.54296875 0.7236328125 0.5830078125 0.708984375 0.6083984375 0.73828125 0.60546875 0.6982421875 0.642578125 0.6787109375 0.6015625 0.6669921875 0.5966796875 0.626953125 0.5751953125 0.6640625 0.5341796875 0.654296875 0.5625 0.6865234375
7 0.1474609375 0.25390625 0.1669921875 0.30859375 0.1865234375 0.251953125 0.244140625 0.2490234375 0.1953125 0.2138671875 0.2099609375 0.16015625 0.1669921875 0.1953125 0.1142578125 0.162109375 0.134765625 0.2177734375 0.0888671875 0.251953125 0.1474609375 0.25390625
7 0.091796875 0.5849609375 0.0556640625 0.650390625 0.1220703125 0.62109375 0.1650390625 0.673828125 0.158203125 0.6044921875 0.224609375 0.5771484375 0.15234375 0.5595703125 0.1474609375 0.4921875 0.1123046875 0.552734375 0.0458984375 0.53515625 0.091796875 0.5849609375