6 0.1044921875 0.11328125 0.04296875 0.1806640625 0.111328125 0.2412109375 0.171875 0.1748046875 0.1044921875 0.11328125
5 0.318359375 0.3017578125 0.4443359375 0.294921875 0.48828125 0.1318359375 0.3466796875 0.037109375 0.21484375 0.1455078125 0.275390625 0.2998046875 0.318359375 0.3017578125
3 0.509765625 0.2509765625 0.509765625 0.2607421875 0.6005859375 0.375 0.654296875 0.3759765625 0.7509765625 0.373046875 0.841796875 0.2587890625 0.810546875 0.1142578125 0.6728515625 0.048828125 0.5390625 0.1181640625 0.509765625 0.2509765625
1 0.8935546875 0.048828125 0.892578125 0.1005859375 0.8447265625 0.1015625 0.841796875 0.1396484375 0.8916015625 0.140625 0.892578125 0.2021484375 0.92578125 0.2021484375 0.92578125 0.1435546875 0.9658203125 0.140625 0.966796875 0.1044921875 0.9267578125 0.1015625 0.92578125 0.0498046875 0.8935546875 0.048828125
1 0.8876953125 0.583984375 0.884765625 0.6494140625 0.8232421875 0.650390625 0.8203125 0.6767578125 0.8837890625 0.6796875 0.884765625 0.7412109375 0.9140625 0.7431640625 0.916015625 0.6806640625 0.9677734375 0.6796875 0.96875 0.6513671875 0.9169921875 0.650390625 0.916015625 0.5849609375 0.8876953125 0.583984375
2 0.8134765625 0.40625 0.7978515625 0.40625 0.775390625 0.4228515625 0.76171875 0.4501953125 0.755859375 0.5166015625 0.775390625 0.5712890625 0.7880859375 0.583984375 0.806640625 0.5888671875 0.8271484375 0.580078125 0.84375 0.5556640625 0.853515625 0.5224609375 0.853515625 0.4736328125 0.8359375 0.4248046875 0.8134765625 0.40625
2 0.1455078125 0.75 0.0869140625 0.76171875 0.048828125 0.7900390625 0.044921875 0.8212890625 0.0546875 0.8369140625 0.0771484375 0.853515625 0.1201171875 0.8671875 0.171875 0.8681640625 0.2236328125 0.85546875 0.251953125 0.8349609375 0.26171875 0.8037109375 0.2392578125 0.7734375 0.2001953125 0.755859375 0.1455078125 0.75
0 0.1845703125 0.31640625 0.1435546875 0.298828125 0.1123046875 0.298828125 0.0732421875 0.314453125 0.05078125 0.3369140625 0.037109375 0.3623046875 0.033203125 0.4033203125 0.046875 0.4423828125 0.0693359375 0.466796875 0.0966796875 0.482421875 0.142578125 0.4853515625 0.1708984375 0.4765625 0.19921875 0.4541015625 0.21484375 0.4287109375 0.22265625 0.3857421875 0.212890625 0.3505859375 0.1845703125 0.31640625
8 0.25390625 0.7255859375 0.2138671875 0.560546875 0.09375 0.6787109375 0.25390625 0.7255859375
4 0.470703125 0.7763671875 0.640625 0.8017578125 0.7421875 0.6728515625 0.6875 0.5263671875 0.6767578125 0.513671875 0.5166015625 0.4921875 0.412109375 0.6220703125 0.470703125 0.7763671875
7 0.26171875 0.3916015625 0.291015625 0.4169921875 0.2763671875 0.45703125 0.3134765625 0.4375 0.345703125 0.4658203125 0.3359375 0.4248046875 0.373046875 0.4033203125 0.3330078125 0.3984375 0.3212890625 0.357421875 0.3017578125 0.39453125 0.26171875 0.3916015625
7 0.7509765625 0.755859375 0.748046875 0.8134765625 0.69140625 0.8330078125 0.74609375 0.8525390625 0.748046875 0.9111328125 0.7822265625 0.865234375 0.837890625 0.8857421875 0.8046875 0.8330078125 0.83984375 0.7900390625 0.7861328125 0.8046875 0.7509765625 0.755859375
7 0.326171875 0.8349609375 0.37890625 0.8779296875 0.349609375 0.9443359375 0.4150390625 0.908203125 0.46484375 0.9541015625 0.447265625 0.8876953125 0.5078125 0.8525390625 0.4404296875 0.84765625 0.4228515625 0.775390625 0.3955078125 0.841796875 0.326171875 0.8349609375