6 0.1806640625 0.04296875 0.111328125 0.1064453125 0.1748046875 0.173828125 0.2412109375 0.111328125 0.1806640625 0.04296875
4 0.78125 0.4736328125 0.6884765625 0.43359375 0.6220703125 0.41015625 0.490234375 0.5166015625 0.51171875 0.6767578125 0.5263671875 0.689453125 0.6728515625 0.744140625 0.8037109375 0.640625 0.78125 0.4736328125
3 0.376953125 0.6005859375 0.2646484375 0.509765625 0.2490234375 0.5078125 0.1162109375 0.537109375 0.046875 0.6748046875 0.1123046875 0.810546875 0.2568359375 0.845703125 0.375 0.7509765625 0.3779296875 0.6484375 0.376953125 0.6005859375
5 0.3017578125 0.275390625 0.1455078125 0.212890625 0.041015625 0.3369140625 0.037109375 0.3486328125 0.123046875 0.4833984375 0.1376953125 0.48828125 0.294921875 0.4462890625 0.3037109375 0.298828125 0.3017578125 0.275390625
1 0.208984375 0.8974609375 0.2021484375 0.892578125 0.142578125 0.8916015625 0.140625 0.8427734375 0.1298828125 0.837890625 0.1015625 0.8427734375 0.1005859375 0.892578125 0.0517578125 0.892578125 0.046875 0.8974609375 0.0498046875 0.92578125 0.1015625 0.9287109375 0.1044921875 0.966796875 0.142578125 0.9638671875 0.1435546875 0.927734375 0.2021484375 0.92578125 0.2080078125 0.919921875 0.208984375 0.8974609375
1 0.7431640625 0.884765625 0.68359375 0.8818359375 0.68359375 0.8212890625 0.6787109375 0.81640625 0.646484375 0.8193359375 0.6455078125 0.8828125 0.583984375 0.8876953125 0.5849609375 0.916015625 0.6396484375 0.916015625 0.646484375 0.9208984375 0.646484375 0.9716796875 0.6513671875 0.974609375 0.68359375 0.9716796875 0.6845703125 0.91796875 0.7451171875 0.9140625 0.7431640625 0.884765625
0 0.484375 0.0986328125 0.46484375 0.0654296875 0.4384765625 0.04296875 0.4013671875 0.03125 0.3701171875 0.033203125 0.3369140625 0.048828125 0.310546875 0.0771484375 0.296875 0.1142578125 0.298828125 0.1513671875 0.318359375 0.1884765625 0.3447265625 0.2109375 0.3798828125 0.22265625 0.4169921875 0.220703125 0.4521484375 0.203125 0.478515625 0.1708984375 0.4873046875 0.13671875 0.484375 0.0986328125
8 0.6806640625 0.0859375 0.552734375 0.2158203125 0.7314453125 0.26171875 0.6806640625 0.0859375
2 0.591796875 0.7958984375 0.5732421875 0.7734375 0.5126953125 0.751953125 0.4443359375 0.76171875 0.4169921875 0.77734375 0.404296875 0.7958984375 0.40625 0.8193359375 0.4248046875 0.837890625 0.4775390625 0.857421875 0.5185546875 0.857421875 0.5595703125 0.845703125 0.5859375 0.8251953125 0.5908203125 0.814453125 0.591796875 0.7958984375
2 0.8671875 0.1103515625 0.845703125 0.0615234375 0.8173828125 0.041015625 0.7861328125 0.048828125 0.759765625 0.0849609375 0.748046875 0.1318359375 0.75 0.1923828125 0.775390625 0.2470703125 0.8037109375 0.265625 0.8232421875 0.263671875 0.8408203125 0.25 0.859375 0.2236328125 0.8720703125 0.1640625 0.8671875 0.1103515625
7 0.443359375 0.3134765625 0.46875 0.2685546875 0.4189453125 0.287109375 0.3896484375 0.255859375 0.390625 0.2998046875 0.3544921875 0.31640625 0.3515625 0.3232421875 0.39453125 0.3349609375 0.3984375 0.3759765625 0.408203125 0.3740234375 0.4248046875 0.33984375 0.4794921875 0.353515625 0.443359375 0.3134765625
7 0.9208984375 0.73828125 0.8564453125 0.7421875 0.83984375 0.6943359375 0.8310546875 0.6875 0.8115234375 0.744140625 0.7626953125 0.744140625 0.75390625 0.7509765625 0.80078125 0.7841796875 0.7880859375 0.841796875 0.8369140625 0.80859375 0.8916015625 0.845703125 0.869140625 0.7841796875 0.9208984375 0.744140625 0.9208984375 0.73828125
7 0.91015625 0.4130859375 0.953125 0.3447265625 0.8779296875 0.375 0.8291015625 0.3125 0.837890625 0.3935546875 0.765625 0.4248046875 0.84375 0.4404296875 0.845703125 0.5146484375 0.8505859375 0.517578125 0.8857421875 0.453125 0.9638671875 0.46875 0.91015625 0.4130859375