6 0.95703125 0.1806640625 0.8935546875 0.111328125 0.826171875 0.1748046875 0.888671875 0.2412109375 0.95703125 0.1806640625
4 0.5263671875 0.78125 0.56640625 0.6884765625 0.58984375 0.6220703125 0.4833984375 0.490234375 0.3232421875 0.51171875 0.310546875 0.5263671875 0.255859375 0.6728515625 0.359375 0.8037109375 0.5263671875 0.78125
3 0.3994140625 0.376953125 0.490234375 0.2646484375 0.4921875 0.2490234375 0.462890625 0.1162109375 0.3251953125 0.046875 0.189453125 0.1123046875 0.154296875 0.2568359375 0.2490234375 0.375 0.3515625 0.3779296875 0.3994140625 0.376953125
5 0.724609375 0.3017578125 0.787109375 0.1455078125 0.6630859375 0.041015625 0.6513671875 0.037109375 0.5166015625 0.123046875 0.51171875 0.1376953125 0.5537109375 0.294921875 0.701171875 0.3037109375 0.724609375 0.3017578125
1 0.1025390625 0.208984375 0.107421875 0.2021484375 0.1083984375 0.142578125 0.1572265625 0.140625 0.162109375 0.1298828125 0.1572265625 0.1015625 0.107421875 0.1005859375 0.107421875 0.0517578125 0.1025390625 0.046875 0.07421875 0.0498046875 0.0712890625 0.1015625 0.033203125 0.1044921875 0.0361328125 0.142578125 0.072265625 0.1435546875 0.07421875 0.2021484375 0.080078125 0.2080078125 0.1025390625 0.208984375
1 0.115234375 0.7431640625 0.1181640625 0.68359375 0.1787109375 0.68359375 0.18359375 0.6787109375 0.1806640625 0.646484375 0.1171875 0.6455078125 0.1123046875 0.583984375 0.083984375 0.5849609375 0.083984375 0.6396484375 0.0791015625 0.646484375 0.0283203125 0.646484375 0.025390625 0.6513671875 0.0283203125 0.68359375 0.08203125 0.6845703125 0.0859375 0.7451171875 0.115234375 0.7431640625
0 0.9013671875 0.484375 0.9345703125 0.46484375 0.95703125 0.4384765625 0.96875 0.4013671875 0.966796875 0.3701171875 0.951171875 0.3369140625 0.9228515625 0.310546875 0.8857421875 0.296875 0.8486328125 0.298828125 0.8115234375 0.318359375 0.7890625 0.3447265625 0.77734375 0.3798828125 0.779296875 0.4169921875 0.796875 0.4521484375 0.8291015625 0.478515625 0.86328125 0.4873046875 0.9013671875 0.484375
8 0.9140625 0.6806640625 0.7841796875 0.552734375 0.73828125 0.7314453125 0.9140625 0.6806640625
2 0.2041015625 0.591796875 0.2265625 0.5732421875 0.248046875 0.5126953125 0.23828125 0.4443359375 0.22265625 0.4169921875 0.2041015625 0.404296875 0.1806640625 0.40625 0.162109375 0.4248046875 0.142578125 0.4775390625 0.142578125 0.5185546875 0.154296875 0.5595703125 0.1748046875 0.5859375 0.185546875 0.5908203125 0.2041015625 0.591796875
2 0.8896484375 0.8671875 0.9384765625 0.845703125 0.958984375 0.8173828125 0.951171875 0.7861328125 0.9150390625 0.759765625 0.8681640625 0.748046875 0.8076171875 0.75 0.7529296875 0.775390625 0.734375 0.8037109375 0.736328125 0.8232421875 0.75 0.8408203125 0.7763671875 0.859375 0.8359375 0.8720703125 0.8896484375 0.8671875
7 0.6865234375 0.443359375 0.7314453125 0.46875 0.712890625 0.4189453125 0.744140625 0.3896484375 0.7001953125 0.390625 0.68359375 0.3544921875 0.6767578125 0.3515625 0.6650390625 0.39453125 0.6240234375 0.3984375 0.6259765625 0.408203125 0.66015625 0.4248046875 0.646484375 0.4794921875 0.6865234375 0.443359375
7 0.26171875 0.9208984375 0.2578125 0.8564453125 0.3056640625 0.83984375 0.3125 0.8310546875 0.255859375 0.8115234375 0.255859375 0.7626953125 0.2490234375 0.75390625 0.2158203125 0.80078125 0.158203125 0.7880859375 0.19140625 0.8369140625 0.154296875 0.8916015625 0.2158203125 0.869140625 0.255859375 0.9208984375 0.26171875 0.9208984375
7 0.5869140625 0.91015625 0.6552734375 0.953125 0.625 0.8779296875 0.6875 0.8291015625 0.6064453125 0.837890625 0.5751953125 0.765625 0.5595703125 0.84375 0.4853515625 0.845703125 0.482421875 0.8505859375 0.546875 0.8857421875 0.53125 0.9638671875 0.5869140625 0.91015625