5 0.173828125 0.1611328125 0.2109375 0.1083984375 0.177734375 0.0556640625 0.1630859375 0.048828125 0.1044921875 0.0703125 0.10546875 0.1416015625 0.173828125 0.1611328125
5 0.525390625 0.2861328125 0.4912109375 0.23046875 0.4296875 0.2509765625 0.4296875 0.3095703125 0.48828125 0.3310546875 0.525390625 0.2861328125
5 0.630859375 0.5302734375 0.66796875 0.4912109375 0.650390625 0.4560546875 0.6416015625 0.443359375 0.5908203125 0.451171875 0.580078125 0.5048828125 0.630859375 0.5302734375
1 0.2431640625 0.197265625 0.236328125 0.2060546875 0.236328125 0.2275390625 0.2119140625 0.228515625 0.20703125 0.2431640625 0.2353515625 0.248046875 0.23828125 0.2744140625 0.25 0.2763671875 0.255859375 0.2490234375 0.2802734375 0.24609375 0.28515625 0.2333984375 0.2568359375 0.228515625 0.25390625 0.2021484375 0.2431640625 0.197265625
1 0.5615234375 0.078125 0.5546875 0.0849609375 0.5546875 0.0986328125 0.5361328125 0.103515625 0.529296875 0.1123046875 0.5341796875 0.12109375 0.552734375 0.1259765625 0.5595703125 0.146484375 0.5703125 0.1455078125 0.576171875 0.1259765625 0.5927734375 0.123046875 0.599609375 0.1083984375 0.5771484375 0.1015625 0.57421875 0.0830078125 0.5615234375 0.078125
1 0.43359375 0.8564453125 0.4169921875 0.853515625 0.408203125 0.8818359375 0.3857421875 0.884765625 0.37890625 0.8994140625 0.3876953125 0.91015625 0.408203125 0.9130859375 0.4150390625 0.939453125 0.4296875 0.9404296875 0.439453125 0.9130859375 0.4599609375 0.91015625 0.466796875 0.8916015625 0.4599609375 0.884765625 0.4404296875 0.8828125 0.43359375 0.8564453125
8 0.142578125 0.3291015625 0.1455078125 0.271484375 0.09375 0.2958984375 0.142578125 0.3291015625
8 0.5224609375 0.59375 0.513671875 0.6767578125 0.51953125 0.6826171875 0.59375 0.6474609375 0.5224609375 0.59375
8 0.365234375 0.7841796875 0.3408203125 0.71484375 0.291015625 0.7705078125 0.365234375 0.7841796875
2 0.7568359375 0.267578125 0.7392578125 0.271484375 0.71875 0.2861328125 0.716796875 0.2998046875 0.7333984375 0.318359375 0.7587890625 0.328125 0.796875 0.3291015625 0.8134765625 0.326171875 0.8359375 0.3095703125 0.837890625 0.2978515625 0.8212890625 0.279296875 0.7880859375 0.267578125 0.7568359375 0.267578125
2 0.1162109375 0.419921875 0.0888671875 0.431640625 0.0703125 0.4482421875 0.064453125 0.4697265625 0.0791015625 0.48828125 0.125 0.4951171875 0.1552734375 0.48828125 0.18359375 0.4697265625 0.193359375 0.4423828125 0.1806640625 0.42578125 0.1591796875 0.41796875 0.1162109375 0.419921875
2 0.4326171875 0.49609375 0.412109375 0.5166015625 0.404296875 0.5341796875 0.4111328125 0.546875 0.4296875 0.5478515625 0.4560546875 0.5390625 0.4814453125 0.521484375 0.501953125 0.4970703125 0.501953125 0.4775390625 0.4716796875 0.474609375 0.4326171875 0.49609375
0 0.8603515625 0.3984375 0.845703125 0.4189453125 0.845703125 0.4521484375 0.8642578125 0.474609375 0.8984375 0.4794921875 0.92578125 0.4580078125 0.931640625 0.4267578125 0.92578125 0.4111328125 0.9091796875 0.39453125 0.8740234375 0.390625 0.8603515625 0.3984375
0 0.9306640625 0.751953125 0.9111328125 0.7421875 0.8837890625 0.740234375 0.8583984375 0.75 0.83984375 0.7666015625 0.826171875 0.7958984375 0.826171875 0.8154296875 0.833984375 0.8369140625 0.8564453125 0.859375 0.89453125 0.8662109375 0.9228515625 0.857421875 0.94140625 0.8408203125 0.953125 0.8173828125 0.955078125 0.7919921875 0.94921875 0.7724609375 0.9306640625 0.751953125
0 0.69140625 0.8857421875 0.7099609375 0.912109375 0.732421875 0.9150390625 0.7578125 0.8994140625 0.763671875 0.8740234375 0.7490234375 0.8515625 0.7255859375 0.845703125 0.69921875 0.8603515625 0.69140625 0.8857421875
4 0.6103515625 0.248046875 0.6640625 0.2666015625 0.705078125 0.2333984375 0.69921875 0.1826171875 0.6455078125 0.15625 0.599609375 0.1923828125 0.60546875 0.2353515625 0.6103515625 0.248046875
4 0.759765625 0.6025390625 0.7724609375 0.62109375 0.810546875 0.6259765625 0.837890625 0.5947265625 0.830078125 0.5615234375 0.8212890625 0.55078125 0.7802734375 0.544921875 0.75390625 0.5771484375 0.759765625 0.6025390625
4 0.50390625 0.8330078125 0.5244140625 0.86328125 0.5703125 0.8623046875 0.591796875 0.8232421875 0.58203125 0.8017578125 0.5673828125 0.78125 0.5205078125 0.783203125 0.5 0.8232421875 0.50390625 0.8330078125
3 0.849609375 0.1181640625 0.8681640625 0.140625 0.904296875 0.1416015625 0.92578125 0.1162109375 0.921875 0.0830078125 0.8916015625 0.0625 0.8583984375 0.072265625 0.845703125 0.1044921875 0.849609375 0.1181640625
3 0.302734375 0.3818359375 0.3193359375 0.42578125 0.373046875 0.4443359375 0.41796875 0.4189453125 0.427734375 0.3642578125 0.3876953125 0.3203125 0.3408203125 0.322265625 0.30078125 0.3701171875 0.302734375 0.3818359375
3 0.62109375 0.7529296875 0.6357421875 0.76953125 0.689453125 0.7685546875 0.72265625 0.7255859375 0.712890625 0.6767578125 0.6630859375 0.65234375 0.6162109375 0.673828125 0.6015625 0.7255859375 0.62109375 0.7529296875
6 0.33203125 0.5224609375 0.2958984375 0.4921875 0.267578125 0.5283203125 0.2958984375 0.5546875 0.3046875 0.5556640625 0.33203125 0.5224609375
6 0.1044921875 0.80859375 0.0546875 0.8623046875 0.109375 0.9111328125 0.158203125 0.8564453125 0.1044921875 0.80859375
6 0.3544921875 0.150390625 0.34765625 0.1962890625 0.396484375 0.2021484375 0.40234375 0.1572265625 0.3544921875 0.150390625
7 0.3583984375 0.6015625 0.369140625 0.6279296875 0.357421875 0.6533203125 0.3818359375 0.650390625 0.40625 0.6669921875 0.41015625 0.6435546875 0.43359375 0.6259765625 0.41015625 0.6142578125 0.4052734375 0.587890625 0.3837890625 0.60546875 0.3583984375 0.6015625
7 0.1025390625 0.650390625 0.111328125 0.6708984375 0.1015625 0.6904296875 0.1259765625 0.689453125 0.140625 0.7021484375 0.14453125 0.6845703125 0.1640625 0.6689453125 0.14453125 0.6572265625 0.1396484375 0.638671875 0.1240234375 0.654296875 0.1025390625 0.650390625
7 0.2490234375 0.87109375 0.26171875 0.9033203125 0.248046875 0.9306640625 0.2822265625 0.927734375 0.306640625 0.9482421875 0.310546875 0.9189453125 0.33984375 0.9013671875 0.310546875 0.8818359375 0.306640625 0.8544921875 0.2841796875 0.875 0.2490234375 0.87109375