5 0.89453125 0.1416015625 0.8955078125 0.0703125 0.8369140625 0.048828125 0.822265625 0.0556640625 0.7890625 0.1083984375 0.826171875 0.1611328125 0.89453125 0.1416015625
5 0.5703125 0.3095703125 0.5703125 0.2509765625 0.5087890625 0.23046875 0.474609375 0.2861328125 0.51171875 0.3310546875 0.5703125 0.3095703125
5 0.419921875 0.5048828125 0.4091796875 0.451171875 0.3583984375 0.443359375 0.349609375 0.4560546875 0.33203125 0.4912109375 0.369140625 0.5302734375 0.419921875 0.5048828125
1 0.76171875 0.2744140625 0.7646484375 0.248046875 0.79296875 0.2431640625 0.7880859375 0.228515625 0.763671875 0.2275390625 0.763671875 0.2060546875 0.7568359375 0.197265625 0.74609375 0.2021484375 0.7431640625 0.228515625 0.71484375 0.2333984375 0.7197265625 0.24609375 0.744140625 0.2490234375 0.75 0.2763671875 0.76171875 0.2744140625
1 0.4404296875 0.146484375 0.447265625 0.1259765625 0.4658203125 0.12109375 0.470703125 0.1123046875 0.4638671875 0.103515625 0.4453125 0.0986328125 0.4453125 0.0849609375 0.4384765625 0.078125 0.42578125 0.0830078125 0.4228515625 0.1015625 0.400390625 0.1083984375 0.4072265625 0.123046875 0.423828125 0.1259765625 0.4296875 0.1455078125 0.4404296875 0.146484375
1 0.5849609375 0.939453125 0.591796875 0.9130859375 0.6123046875 0.91015625 0.62109375 0.8994140625 0.6142578125 0.884765625 0.591796875 0.8818359375 0.5830078125 0.853515625 0.56640625 0.8564453125 0.5595703125 0.8828125 0.5400390625 0.884765625 0.533203125 0.8916015625 0.5400390625 0.91015625 0.560546875 0.9130859375 0.5703125 0.9404296875 0.5849609375 0.939453125
8 0.90625 0.2958984375 0.8544921875 0.271484375 0.857421875 0.3291015625 0.90625 0.2958984375
8 0.486328125 0.6767578125 0.4775390625 0.59375 0.40625 0.6474609375 0.48046875 0.6826171875 0.486328125 0.6767578125
8 0.708984375 0.7705078125 0.6591796875 0.71484375 0.634765625 0.7841796875 0.708984375 0.7705078125
2 0.2412109375 0.328125 0.2666015625 0.318359375 0.283203125 0.2998046875 0.28125 0.2861328125 0.2607421875 0.271484375 0.2431640625 0.267578125 0.2119140625 0.267578125 0.1787109375 0.279296875 0.162109375 0.2978515625 0.1640625 0.3095703125 0.1865234375 0.326171875 0.203125 0.3291015625 0.2412109375 0.328125
2 0.9208984375 0.48828125 0.935546875 0.4697265625 0.9296875 0.4482421875 0.9111328125 0.431640625 0.8837890625 0.419921875 0.8408203125 0.41796875 0.8193359375 0.42578125 0.806640625 0.4423828125 0.81640625 0.4697265625 0.8447265625 0.48828125 0.875 0.4951171875 0.9208984375 0.48828125
2 0.5888671875 0.546875 0.595703125 0.5341796875 0.587890625 0.5166015625 0.5673828125 0.49609375 0.5283203125 0.474609375 0.498046875 0.4775390625 0.498046875 0.4970703125 0.5185546875 0.521484375 0.5439453125 0.5390625 0.5703125 0.5478515625 0.5888671875 0.546875
0 0.1357421875 0.474609375 0.154296875 0.4521484375 0.154296875 0.4189453125 0.1396484375 0.3984375 0.1259765625 0.390625 0.0908203125 0.39453125 0.07421875 0.4111328125 0.068359375 0.4267578125 0.07421875 0.4580078125 0.1015625 0.4794921875 0.1357421875 0.474609375
0 0.1435546875 0.859375 0.166015625 0.8369140625 0.173828125 0.8154296875 0.173828125 0.7958984375 0.16015625 0.7666015625 0.1416015625 0.75 0.1162109375 0.740234375 0.0888671875 0.7421875 0.0693359375 0.751953125 0.05078125 0.7724609375 0.044921875 0.7919921875 0.046875 0.8173828125 0.05859375 0.8408203125 0.0771484375 0.857421875 0.10546875 0.8662109375 0.1435546875 0.859375
0 0.2900390625 0.912109375 0.30859375 0.8857421875 0.30078125 0.8603515625 0.2744140625 0.845703125 0.2509765625 0.8515625 0.236328125 0.8740234375 0.2421875 0.8994140625 0.267578125 0.9150390625 0.2900390625 0.912109375
4 0.3896484375 0.248046875 0.39453125 0.2353515625 0.400390625 0.1923828125 0.3544921875 0.15625 0.30078125 0.1826171875 0.294921875 0.2333984375 0.3359375 0.2666015625 0.3896484375 0.248046875
4 0.2275390625 0.62109375 0.240234375 0.6025390625 0.24609375 0.5771484375 0.2197265625 0.544921875 0.1787109375 0.55078125 0.169921875 0.5615234375 0.162109375 0.5947265625 0.189453125 0.6259765625 0.2275390625 0.62109375
4 0.4755859375 0.86328125 0.49609375 0.8330078125 0.5 0.8232421875 0.4794921875 0.783203125 0.4326171875 0.78125 0.41796875 0.8017578125 0.408203125 0.8232421875 0.4296875 0.8623046875 0.4755859375 0.86328125
3 0.1318359375 0.140625 0.150390625 0.1181640625 0.154296875 0.1044921875 0.1416015625 0.072265625 0.1083984375 0.0625 0.078125 0.0830078125 0.07421875 0.1162109375 0.095703125 0.1416015625 0.1318359375 0.140625
3 0.6806640625 0.42578125 0.697265625 0.3818359375 0.69921875 0.3701171875 0.6591796875 0.322265625 0.6123046875 0.3203125 0.572265625 0.3642578125 0.58203125 0.4189453125 0.626953125 0.4443359375 0.6806640625 0.42578125
3 0.3642578125 0.76953125 0.37890625 0.7529296875 0.3984375 0.7255859375 0.3837890625 0.673828125 0.3369140625 0.65234375 0.287109375 0.6767578125 0.27734375 0.7255859375 0.310546875 0.7685546875 0.3642578125 0.76953125
6 0.7041015625 0.5546875 0.732421875 0.5283203125 0.7041015625 0.4921875 0.66796875 0.5224609375 0.6953125 0.5556640625 0.7041015625 0.5546875
6 0.9453125 0.8623046875 0.8955078125 0.80859375 0.841796875 0.8564453125 0.890625 0.9111328125 0.9453125 0.8623046875
6 0.65234375 0.1962890625 0.6455078125 0.150390625 0.59765625 0.1572265625 0.603515625 0.2021484375 0.65234375 0.1962890625
7 0.6181640625 0.650390625 0.642578125 0.6533203125 0.630859375 0.6279296875 0.6416015625 0.6015625 0.6162109375 0.60546875 0.5947265625 0.587890625 0.58984375 0.6142578125 0.56640625 0.6259765625 0.58984375 0.6435546875 0.59375 0.6669921875 0.6181640625 0.650390625
7 0.8740234375 0.689453125 0.8984375 0.6904296875 0.888671875 0.6708984375 0.8974609375 0.650390625 0.8759765625 0.654296875 0.8603515625 0.638671875 0.85546875 0.6572265625 0.8359375 0.6689453125 0.85546875 0.6845703125 0.859375 0.7021484375 0.8740234375 0.689453125
7 0.7177734375 0.927734375 0.751953125 0.9306640625 0.73828125 0.9033203125 0.7509765625 0.87109375 0.7158203125 0.875 0.693359375 0.8544921875 0.689453125 0.8818359375 0.66015625 0.9013671875 0.689453125 0.9189453125 0.693359375 0.9482421875 0.7177734375 0.927734375