5 0.8583984375 0.89453125 0.9296875 0.8955078125 0.951171875 0.8369140625 0.9443359375 0.822265625 0.8916015625 0.7890625 0.8388671875 0.826171875 0.8583984375 0.89453125
5 0.6904296875 0.5703125 0.7490234375 0.5703125 0.76953125 0.5087890625 0.7138671875 0.474609375 0.6689453125 0.51171875 0.6904296875 0.5703125
5 0.4951171875 0.419921875 0.548828125 0.4091796875 0.556640625 0.3583984375 0.5439453125 0.349609375 0.5087890625 0.33203125 0.4697265625 0.369140625 0.4951171875 0.419921875
1 0.7255859375 0.76171875 0.751953125 0.7646484375 0.7568359375 0.79296875 0.771484375 0.7880859375 0.7724609375 0.763671875 0.7939453125 0.763671875 0.802734375 0.7568359375 0.7978515625 0.74609375 0.771484375 0.7431640625 0.7666015625 0.71484375 0.75390625 0.7197265625 0.7509765625 0.744140625 0.7236328125 0.75 0.7255859375 0.76171875
1 0.853515625 0.4404296875 0.8740234375 0.447265625 0.87890625 0.4658203125 0.8876953125 0.470703125 0.896484375 0.4638671875 0.9013671875 0.4453125 0.9150390625 0.4453125 0.921875 0.4384765625 0.9169921875 0.42578125 0.8984375 0.4228515625 0.8916015625 0.400390625 0.876953125 0.4072265625 0.8740234375 0.423828125 0.8544921875 0.4296875 0.853515625 0.4404296875
1 0.060546875 0.5849609375 0.0869140625 0.591796875 0.08984375 0.6123046875 0.1005859375 0.62109375 0.115234375 0.6142578125 0.1181640625 0.591796875 0.146484375 0.5830078125 0.1435546875 0.56640625 0.1171875 0.5595703125 0.115234375 0.5400390625 0.1083984375 0.533203125 0.08984375 0.5400390625 0.0869140625 0.560546875 0.0595703125 0.5703125 0.060546875 0.5849609375
8 0.7041015625 0.90625 0.728515625 0.8544921875 0.6708984375 0.857421875 0.7041015625 0.90625
8 0.3232421875 0.486328125 0.40625 0.4775390625 0.3525390625 0.40625 0.3173828125 0.48046875 0.3232421875 0.486328125
8 0.2294921875 0.708984375 0.28515625 0.6591796875 0.2158203125 0.634765625 0.2294921875 0.708984375
2 0.671875 0.2412109375 0.681640625 0.2666015625 0.7001953125 0.283203125 0.7138671875 0.28125 0.728515625 0.2607421875 0.732421875 0.2431640625 0.732421875 0.2119140625 0.720703125 0.1787109375 0.7021484375 0.162109375 0.6904296875 0.1640625 0.673828125 0.1865234375 0.6708984375 0.203125 0.671875 0.2412109375
2 0.51171875 0.9208984375 0.5302734375 0.935546875 0.5517578125 0.9296875 0.568359375 0.9111328125 0.580078125 0.8837890625 0.58203125 0.8408203125 0.57421875 0.8193359375 0.5576171875 0.806640625 0.5302734375 0.81640625 0.51171875 0.8447265625 0.5048828125 0.875 0.51171875 0.9208984375
2 0.453125 0.5888671875 0.4658203125 0.595703125 0.4833984375 0.587890625 0.50390625 0.5673828125 0.525390625 0.5283203125 0.5224609375 0.498046875 0.5029296875 0.498046875 0.478515625 0.5185546875 0.4609375 0.5439453125 0.4521484375 0.5703125 0.453125 0.5888671875
0 0.525390625 0.1357421875 0.5478515625 0.154296875 0.5810546875 0.154296875 0.6015625 0.1396484375 0.609375 0.1259765625 0.60546875 0.0908203125 0.5888671875 0.07421875 0.5732421875 0.068359375 0.5419921875 0.07421875 0.5205078125 0.1015625 0.525390625 0.1357421875
0 0.140625 0.1435546875 0.1630859375 0.166015625 0.1845703125 0.173828125 0.2041015625 0.173828125 0.2333984375 0.16015625 0.25 0.1416015625 0.259765625 0.1162109375 0.2578125 0.0888671875 0.248046875 0.0693359375 0.2275390625 0.05078125 0.2080078125 0.044921875 0.1826171875 0.046875 0.1591796875 0.05859375 0.142578125 0.0771484375 0.1337890625 0.10546875 0.140625 0.1435546875
0 0.087890625 0.2900390625 0.1142578125 0.30859375 0.1396484375 0.30078125 0.154296875 0.2744140625 0.1484375 0.2509765625 0.1259765625 0.236328125 0.1005859375 0.2421875 0.0849609375 0.267578125 0.087890625 0.2900390625
4 0.751953125 0.3896484375 0.7646484375 0.39453125 0.8076171875 0.400390625 0.84375 0.3544921875 0.8173828125 0.30078125 0.7666015625 0.294921875 0.7333984375 0.3359375 0.751953125 0.3896484375
4 0.37890625 0.2275390625 0.3974609375 0.240234375 0.4228515625 0.24609375 0.455078125 0.2197265625 0.44921875 0.1787109375 0.4384765625 0.169921875 0.4052734375 0.162109375 0.3740234375 0.189453125 0.37890625 0.2275390625
4 0.13671875 0.4755859375 0.1669921875 0.49609375 0.1767578125 0.5 0.216796875 0.4794921875 0.21875 0.4326171875 0.1982421875 0.41796875 0.1767578125 0.408203125 0.1376953125 0.4296875 0.13671875 0.4755859375
3 0.859375 0.1318359375 0.8818359375 0.150390625 0.8955078125 0.154296875 0.927734375 0.1416015625 0.9375 0.1083984375 0.9169921875 0.078125 0.8837890625 0.07421875 0.8583984375 0.095703125 0.859375 0.1318359375
3 0.57421875 0.6806640625 0.6181640625 0.697265625 0.6298828125 0.69921875 0.677734375 0.6591796875 0.6796875 0.6123046875 0.6357421875 0.572265625 0.5810546875 0.58203125 0.5556640625 0.626953125 0.57421875 0.6806640625
3 0.23046875 0.3642578125 0.2470703125 0.37890625 0.2744140625 0.3984375 0.326171875 0.3837890625 0.34765625 0.3369140625 0.3232421875 0.287109375 0.2744140625 0.27734375 0.2314453125 0.310546875 0.23046875 0.3642578125
6 0.4453125 0.7041015625 0.4716796875 0.732421875 0.5078125 0.7041015625 0.4775390625 0.66796875 0.4443359375 0.6953125 0.4453125 0.7041015625
6 0.1376953125 0.9453125 0.19140625 0.8955078125 0.1435546875 0.841796875 0.0888671875 0.890625 0.1376953125 0.9453125
6 0.8037109375 0.65234375 0.849609375 0.6455078125 0.8427734375 0.59765625 0.7978515625 0.603515625 0.8037109375 0.65234375
7 0.349609375 0.6181640625 0.3466796875 0.642578125 0.3720703125 0.630859375 0.3984375 0.6416015625 0.39453125 0.6162109375 0.412109375 0.5947265625 0.3857421875 0.58984375 0.3740234375 0.56640625 0.3564453125 0.58984375 0.3330078125 0.59375 0.349609375 0.6181640625
7 0.310546875 0.8740234375 0.3095703125 0.8984375 0.3291015625 0.888671875 0.349609375 0.8974609375 0.345703125 0.8759765625 0.361328125 0.8603515625 0.3427734375 0.85546875 0.3310546875 0.8359375 0.3154296875 0.85546875 0.2978515625 0.859375 0.310546875 0.8740234375
7 0.072265625 0.7177734375 0.0693359375 0.751953125 0.0966796875 0.73828125 0.12890625 0.7509765625 0.125 0.7158203125 0.1455078125 0.693359375 0.1181640625 0.689453125 0.0986328125 0.66015625 0.0810546875 0.689453125 0.0517578125 0.693359375 0.072265625 0.7177734375