3 0.0966796875 0.857421875 0.07421875 0.8837890625 0.078125 0.9169921875 0.1103515625 0.9375 0.1416015625 0.927734375 0.154296875 0.8955078125 0.138671875 0.8642578125 0.119140625 0.8583984375 0.0966796875 0.857421875
3 0.3154296875 0.23046875 0.279296875 0.2705078125 0.287109375 0.3212890625 0.3330078125 0.345703125 0.384765625 0.3251953125 0.396484375 0.2822265625 0.390625 0.2626953125 0.3681640625 0.234375 0.359375 0.2314453125 0.3154296875 0.23046875
3 0.58203125 0.5830078125 0.57421875 0.6201171875 0.578125 0.6435546875 0.6162109375 0.6796875 0.6669921875 0.673828125 0.697265625 0.6318359375 0.685546875 0.5791015625 0.6328125 0.5556640625 0.58203125 0.5830078125
2 0.5556640625 0.455078125 0.5283203125 0.470703125 0.501953125 0.4970703125 0.498046875 0.5205078125 0.5068359375 0.52734375 0.5283203125 0.525390625 0.5751953125 0.498046875 0.59375 0.4736328125 0.59375 0.4580078125 0.583984375 0.4521484375 0.5556640625 0.455078125
2 0.2060546875 0.669921875 0.1748046875 0.6796875 0.162109375 0.6982421875 0.166015625 0.7099609375 0.1904296875 0.7265625 0.2158203125 0.732421875 0.2529296875 0.73046875 0.279296875 0.7158203125 0.283203125 0.7001953125 0.2744140625 0.6875 0.2548828125 0.67578125 0.228515625 0.6708984375 0.2060546875 0.669921875
2 0.8564453125 0.5078125 0.8271484375 0.521484375 0.80859375 0.5419921875 0.810546875 0.5654296875 0.8330078125 0.580078125 0.8681640625 0.58203125 0.9150390625 0.564453125 0.93359375 0.5439453125 0.93359375 0.5263671875 0.9189453125 0.51171875 0.892578125 0.5048828125 0.8564453125 0.5078125
4 0.1904296875 0.373046875 0.177734375 0.3857421875 0.162109375 0.4130859375 0.1748046875 0.447265625 0.2177734375 0.455078125 0.24609375 0.4169921875 0.2314453125 0.380859375 0.19921875 0.3740234375 0.1904296875 0.373046875
4 0.4287109375 0.138671875 0.408203125 0.1767578125 0.4326171875 0.21875 0.4794921875 0.216796875 0.498046875 0.1826171875 0.49609375 0.1669921875 0.48046875 0.1435546875 0.46875 0.1376953125 0.4287109375 0.138671875
4 0.3310546875 0.736328125 0.3017578125 0.759765625 0.294921875 0.7783203125 0.302734375 0.8212890625 0.3564453125 0.841796875 0.3984375 0.8095703125 0.3984375 0.7919921875 0.390625 0.7529296875 0.34375 0.7333984375 0.3310546875 0.736328125
5 0.3681640625 0.470703125 0.333984375 0.5068359375 0.3583984375 0.5546875 0.4072265625 0.548828125 0.4140625 0.5380859375 0.41796875 0.4931640625 0.376953125 0.4716796875 0.3681640625 0.470703125
5 0.50390625 0.6748046875 0.474609375 0.7138671875 0.5087890625 0.767578125 0.5703125 0.7490234375 0.5703125 0.6884765625 0.515625 0.6689453125 0.50390625 0.6748046875
5 0.8203125 0.8466796875 0.7890625 0.8935546875 0.8291015625 0.951171875 0.896484375 0.9248046875 0.89453125 0.8623046875 0.83203125 0.8388671875 0.8203125 0.8466796875
6 0.6962890625 0.443359375 0.669921875 0.4736328125 0.669921875 0.4814453125 0.7021484375 0.5078125 0.732421875 0.4755859375 0.703125 0.4443359375 0.6962890625 0.443359375
6 0.603515625 0.7998046875 0.59765625 0.8408203125 0.6103515625 0.84765625 0.6455078125 0.849609375 0.650390625 0.8037109375 0.615234375 0.7978515625 0.603515625 0.7998046875
6 0.841796875 0.1416015625 0.8779296875 0.1796875 0.8955078125 0.189453125 0.9453125 0.1376953125 0.892578125 0.0888671875 0.841796875 0.1416015625
8 0.857421875 0.6748046875 0.8564453125 0.728515625 0.904296875 0.7041015625 0.865234375 0.6728515625 0.857421875 0.6748046875
8 0.6357421875 0.216796875 0.634765625 0.2255859375 0.654296875 0.2763671875 0.6630859375 0.283203125 0.70703125 0.2275390625 0.658203125 0.2177734375 0.6357421875 0.216796875
8 0.40625 0.3525390625 0.4736328125 0.404296875 0.48046875 0.3994140625 0.484375 0.3173828125 0.40625 0.3525390625
7 0.857421875 0.3017578125 0.85546875 0.3154296875 0.8359375 0.3291015625 0.85546875 0.3427734375 0.8583984375 0.359375 0.8759765625 0.345703125 0.896484375 0.3486328125 0.888671875 0.3291015625 0.896484375 0.3095703125 0.8779296875 0.3125 0.86328125 0.2998046875 0.857421875 0.3017578125
7 0.58984375 0.3564453125 0.56640625 0.3701171875 0.58984375 0.3857421875 0.5947265625 0.412109375 0.6162109375 0.39453125 0.642578125 0.3955078125 0.6328125 0.3681640625 0.642578125 0.3466796875 0.6162109375 0.34765625 0.59765625 0.3330078125 0.58984375 0.3564453125
7 0.689453125 0.0810546875 0.66015625 0.0986328125 0.6875 0.1142578125 0.6943359375 0.146484375 0.7158203125 0.125 0.75 0.1279296875 0.73828125 0.0966796875 0.751953125 0.0712890625 0.7177734375 0.072265625 0.697265625 0.0517578125 0.689453125 0.0810546875
0 0.2509765625 0.091796875 0.236328125 0.1123046875 0.240234375 0.1376953125 0.2666015625 0.154296875 0.2939453125 0.146484375 0.30859375 0.1201171875 0.3046875 0.1025390625 0.27734375 0.0849609375 0.2509765625 0.091796875
0 0.0966796875 0.521484375 0.080078125 0.5341796875 0.0703125 0.5517578125 0.068359375 0.5712890625 0.076171875 0.5908203125 0.1005859375 0.609375 0.1298828125 0.607421875 0.150390625 0.5888671875 0.15625 0.5751953125 0.150390625 0.5400390625 0.123046875 0.5205078125 0.0966796875 0.521484375
0 0.1025390625 0.1328125 0.0791015625 0.140625 0.056640625 0.1611328125 0.046875 0.1806640625 0.044921875 0.2099609375 0.052734375 0.2314453125 0.0869140625 0.2578125 0.1181640625 0.259765625 0.1396484375 0.251953125 0.162109375 0.2314453125 0.171875 0.2119140625 0.173828125 0.1826171875 0.1640625 0.1591796875 0.1474609375 0.142578125 0.123046875 0.1337890625 0.1025390625 0.1328125
1 0.748046875 0.7275390625 0.7431640625 0.751953125 0.716796875 0.7587890625 0.7216796875 0.76953125 0.744140625 0.7724609375 0.7490234375 0.798828125 0.76171875 0.7958984375 0.7666015625 0.771484375 0.79296875 0.7646484375 0.7880859375 0.75390625 0.763671875 0.7509765625 0.759765625 0.7255859375 0.748046875 0.7275390625
1 0.4287109375 0.85546875 0.423828125 0.8740234375 0.4072265625 0.876953125 0.400390625 0.8857421875 0.4091796875 0.8984375 0.423828125 0.9013671875 0.4306640625 0.921875 0.443359375 0.9189453125 0.4482421875 0.8984375 0.46875 0.8916015625 0.46875 0.8818359375 0.4482421875 0.875 0.439453125 0.8544921875 0.4287109375 0.85546875
1 0.564453125 0.0654296875 0.5595703125 0.08984375 0.533203125 0.0966796875 0.5400390625 0.115234375 0.5625 0.1201171875 0.5625 0.1357421875 0.5732421875 0.146484375 0.58984375 0.1376953125 0.5927734375 0.1171875 0.6064453125 0.1171875 0.62109375 0.1044921875 0.6142578125 0.091796875 0.591796875 0.0869140625 0.583984375 0.0615234375 0.564453125 0.0654296875