3 0.07421875 0.1162109375 0.0966796875 0.142578125 0.119140625 0.1416015625 0.138671875 0.1357421875 0.154296875 0.1044921875 0.1416015625 0.072265625 0.1103515625 0.0625 0.078125 0.0830078125 0.07421875 0.1162109375
3 0.287109375 0.6787109375 0.279296875 0.7294921875 0.3154296875 0.76953125 0.359375 0.7685546875 0.3681640625 0.765625 0.390625 0.7373046875 0.396484375 0.7177734375 0.384765625 0.6748046875 0.3330078125 0.654296875 0.287109375 0.6787109375
3 0.57421875 0.3798828125 0.58203125 0.4169921875 0.6328125 0.4443359375 0.685546875 0.4208984375 0.697265625 0.3681640625 0.6669921875 0.326171875 0.6162109375 0.3203125 0.578125 0.3564453125 0.57421875 0.3798828125
2 0.498046875 0.4794921875 0.501953125 0.5029296875 0.5283203125 0.529296875 0.5556640625 0.544921875 0.583984375 0.5478515625 0.59375 0.5419921875 0.59375 0.5263671875 0.5751953125 0.501953125 0.5283203125 0.474609375 0.5068359375 0.47265625 0.498046875 0.4794921875
2 0.2158203125 0.267578125 0.1904296875 0.2734375 0.166015625 0.2900390625 0.162109375 0.3017578125 0.1748046875 0.3203125 0.2060546875 0.330078125 0.228515625 0.3291015625 0.2548828125 0.32421875 0.2744140625 0.3125 0.283203125 0.2998046875 0.279296875 0.2841796875 0.2529296875 0.26953125 0.2158203125 0.267578125
2 0.8330078125 0.419921875 0.810546875 0.4345703125 0.80859375 0.4580078125 0.8271484375 0.478515625 0.8564453125 0.4921875 0.892578125 0.4951171875 0.9189453125 0.48828125 0.93359375 0.4736328125 0.93359375 0.4560546875 0.9150390625 0.435546875 0.8681640625 0.41796875 0.8330078125 0.419921875
4 0.177734375 0.6142578125 0.1904296875 0.626953125 0.19921875 0.6259765625 0.2314453125 0.619140625 0.24609375 0.5830078125 0.2177734375 0.544921875 0.1748046875 0.552734375 0.162109375 0.5869140625 0.177734375 0.6142578125
4 0.408203125 0.8232421875 0.4287109375 0.861328125 0.46875 0.8623046875 0.48046875 0.8564453125 0.49609375 0.8330078125 0.498046875 0.8173828125 0.4794921875 0.783203125 0.4326171875 0.78125 0.408203125 0.8232421875
4 0.294921875 0.2216796875 0.3017578125 0.240234375 0.3310546875 0.263671875 0.34375 0.2666015625 0.390625 0.2470703125 0.3984375 0.2080078125 0.3984375 0.1904296875 0.3564453125 0.158203125 0.302734375 0.1787109375 0.294921875 0.2216796875
5 0.3681640625 0.529296875 0.376953125 0.5283203125 0.41796875 0.5068359375 0.4140625 0.4619140625 0.4072265625 0.451171875 0.3583984375 0.4453125 0.333984375 0.4931640625 0.3681640625 0.529296875
5 0.515625 0.3310546875 0.5703125 0.3115234375 0.5703125 0.2509765625 0.5087890625 0.232421875 0.474609375 0.2861328125 0.50390625 0.3251953125 0.515625 0.3310546875
5 0.83203125 0.1611328125 0.89453125 0.1376953125 0.896484375 0.0751953125 0.8291015625 0.048828125 0.7890625 0.1064453125 0.8203125 0.1533203125 0.83203125 0.1611328125
6 0.703125 0.5556640625 0.732421875 0.5244140625 0.7021484375 0.4921875 0.669921875 0.5185546875 0.669921875 0.5263671875 0.6962890625 0.556640625 0.703125 0.5556640625
6 0.615234375 0.2021484375 0.650390625 0.1962890625 0.6455078125 0.150390625 0.6103515625 0.15234375 0.59765625 0.1591796875 0.603515625 0.2001953125 0.615234375 0.2021484375
6 0.9453125 0.8623046875 0.8955078125 0.810546875 0.8779296875 0.8203125 0.841796875 0.8583984375 0.892578125 0.9111328125 0.9453125 0.8623046875
8 0.8564453125 0.271484375 0.857421875 0.3251953125 0.865234375 0.3271484375 0.904296875 0.2958984375 0.8564453125 0.271484375
8 0.658203125 0.7822265625 0.70703125 0.7724609375 0.6630859375 0.716796875 0.654296875 0.7236328125 0.634765625 0.7744140625 0.6357421875 0.783203125 0.658203125 0.7822265625
8 0.4736328125 0.595703125 0.40625 0.6474609375 0.484375 0.6826171875 0.48046875 0.6005859375 0.4736328125 0.595703125
7 0.8583984375 0.640625 0.85546875 0.6572265625 0.8359375 0.6708984375 0.85546875 0.6845703125 0.857421875 0.6982421875 0.86328125 0.7001953125 0.8779296875 0.6875 0.896484375 0.6904296875 0.888671875 0.6708984375 0.896484375 0.6513671875 0.8759765625 0.654296875 0.8583984375 0.640625
7 0.5947265625 0.587890625 0.58984375 0.6142578125 0.56640625 0.6298828125 0.58984375 0.6435546875 0.59765625 0.6669921875 0.6162109375 0.65234375 0.642578125 0.6533203125 0.6328125 0.6318359375 0.642578125 0.6044921875 0.6162109375 0.60546875 0.5947265625 0.587890625
7 0.6943359375 0.853515625 0.6875 0.8857421875 0.66015625 0.9013671875 0.689453125 0.9189453125 0.697265625 0.9482421875 0.7177734375 0.927734375 0.751953125 0.9287109375 0.73828125 0.9033203125 0.75 0.8720703125 0.7158203125 0.875 0.6943359375 0.853515625
0 0.236328125 0.8876953125 0.2509765625 0.908203125 0.27734375 0.9150390625 0.3046875 0.8974609375 0.30859375 0.8798828125 0.2939453125 0.853515625 0.2666015625 0.845703125 0.240234375 0.8623046875 0.236328125 0.8876953125
0 0.076171875 0.4091796875 0.068359375 0.4287109375 0.0703125 0.4482421875 0.080078125 0.4658203125 0.0966796875 0.478515625 0.123046875 0.4794921875 0.150390625 0.4599609375 0.15625 0.4248046875 0.150390625 0.4111328125 0.1298828125 0.392578125 0.1005859375 0.390625 0.076171875 0.4091796875
0 0.1396484375 0.748046875 0.1181640625 0.740234375 0.0869140625 0.7421875 0.052734375 0.7685546875 0.044921875 0.7900390625 0.046875 0.8193359375 0.056640625 0.8388671875 0.0791015625 0.859375 0.1025390625 0.8671875 0.123046875 0.8662109375 0.1474609375 0.857421875 0.1640625 0.8408203125 0.173828125 0.8173828125 0.171875 0.7880859375 0.162109375 0.7685546875 0.1396484375 0.748046875
1 0.7490234375 0.201171875 0.744140625 0.2275390625 0.7216796875 0.23046875 0.716796875 0.2412109375 0.7431640625 0.248046875 0.748046875 0.2724609375 0.759765625 0.2744140625 0.763671875 0.2490234375 0.7880859375 0.24609375 0.79296875 0.2353515625 0.7666015625 0.228515625 0.76171875 0.2041015625 0.7490234375 0.201171875
1 0.4306640625 0.078125 0.423828125 0.0986328125 0.4091796875 0.1015625 0.400390625 0.1142578125 0.4072265625 0.123046875 0.423828125 0.1259765625 0.4287109375 0.14453125 0.439453125 0.1455078125 0.4482421875 0.125 0.46875 0.1181640625 0.46875 0.1083984375 0.4482421875 0.1015625 0.443359375 0.0810546875 0.4306640625 0.078125
1 0.58984375 0.8623046875 0.5732421875 0.853515625 0.5625 0.8642578125 0.5625 0.8798828125 0.5400390625 0.884765625 0.533203125 0.9033203125 0.5595703125 0.91015625 0.564453125 0.9345703125 0.583984375 0.9384765625 0.591796875 0.9130859375 0.6142578125 0.908203125 0.62109375 0.8955078125 0.6064453125 0.8828125 0.5927734375 0.8828125 0.58984375 0.8623046875