3 0.751953125 0.2060546875 0.7431640625 0.197265625 0.712890625 0.1923828125 0.6875 0.2099609375 0.685546875 0.2451171875 0.7119140625 0.267578125 0.7431640625 0.263671875 0.76171875 0.2314453125 0.751953125 0.2060546875
3 0.828125 0.0791015625 0.8037109375 0.052734375 0.78125 0.0537109375 0.7685546875 0.0546875 0.74609375 0.0888671875 0.75390625 0.1181640625 0.7919921875 0.134765625 0.82421875 0.1142578125 0.828125 0.0791015625
3 0.6298828125 0.107421875 0.662109375 0.0947265625 0.67578125 0.0595703125 0.6552734375 0.025390625 0.62109375 0.0185546875 0.58984375 0.0439453125 0.58984375 0.0751953125 0.5986328125 0.091796875 0.6201171875 0.107421875 0.6298828125 0.107421875
3 0.927734375 0.0517578125 0.9091796875 0.017578125 0.8671875 0.0107421875 0.8359375 0.0341796875 0.8359375 0.0771484375 0.8662109375 0.103515625 0.9052734375 0.09765625 0.927734375 0.0634765625 0.927734375 0.0517578125
3 0.12109375 0.1923828125 0.0986328125 0.17578125 0.07421875 0.1689453125 0.037109375 0.1865234375 0.025390625 0.2255859375 0.0498046875 0.263671875 0.0947265625 0.265625 0.123046875 0.2392578125 0.12109375 0.1923828125
3 0.240234375 0.0498046875 0.2333984375 0.0390625 0.1953125 0.0205078125 0.15625 0.0380859375 0.142578125 0.0810546875 0.1669921875 0.115234375 0.2138671875 0.12109375 0.244140625 0.0869140625 0.240234375 0.0498046875
3 0.966796875 0.2353515625 0.9443359375 0.193359375 0.896484375 0.1826171875 0.861328125 0.2080078125 0.857421875 0.2587890625 0.8955078125 0.294921875 0.9033203125 0.294921875 0.9423828125 0.28515625 0.966796875 0.2353515625
3 0.1484375 0.6650390625 0.1025390625 0.62890625 0.08984375 0.6259765625 0.0302734375 0.642578125 0.00390625 0.6982421875 0.0361328125 0.765625 0.1005859375 0.7734375 0.15234375 0.7353515625 0.1484375 0.6650390625
3 0.341796875 0.6943359375 0.3359375 0.6337890625 0.3173828125 0.611328125 0.2802734375 0.587890625 0.26953125 0.5888671875 0.2109375 0.6123046875 0.189453125 0.6767578125 0.2294921875 0.732421875 0.2939453125 0.740234375 0.341796875 0.6943359375
3 0.5703125 0.7470703125 0.5595703125 0.720703125 0.470703125 0.6884765625 0.39453125 0.7333984375 0.3828125 0.8271484375 0.4404296875 0.892578125 0.5283203125 0.88671875 0.5859375 0.8095703125 0.5703125 0.7470703125
3 0.67578125 0.5654296875 0.671875 0.5224609375 0.6640625 0.4697265625 0.5966796875 0.423828125 0.578125 0.4189453125 0.48828125 0.4521484375 0.458984375 0.5458984375 0.5126953125 0.623046875 0.6083984375 0.634765625 0.67578125 0.5654296875
3 0.9609375 0.8173828125 0.8876953125 0.755859375 0.876953125 0.7548828125 0.7880859375 0.77734375 0.748046875 0.8662109375 0.7939453125 0.955078125 0.8896484375 0.9765625 0.962890625 0.9130859375 0.9609375 0.8173828125
3 0.3583984375 0.943359375 0.365234375 0.9248046875 0.365234375 0.8369140625 0.2919921875 0.76953125 0.283203125 0.7685546875 0.1884765625 0.787109375 0.142578125 0.8740234375 0.1845703125 0.97265625 0.2763671875 0.99609375 0.3583984375 0.943359375
3 0.5166015625 0.328125 0.5380859375 0.326171875 0.615234375 0.2724609375 0.625 0.1845703125 0.625 0.1572265625 0.5537109375 0.091796875 0.533203125 0.0869140625 0.4404296875 0.099609375 0.3828125 0.1943359375 0.421875 0.2939453125 0.5166015625 0.328125
3 0.8720703125 0.619140625 0.8935546875 0.61328125 0.97265625 0.5595703125 0.982421875 0.4677734375 0.982421875 0.4482421875 0.9111328125 0.375 0.884765625 0.3740234375 0.7958984375 0.384765625 0.736328125 0.4755859375 0.76953125 0.5830078125 0.8720703125 0.619140625
3 0.3125 0.5068359375 0.31640625 0.4111328125 0.3125 0.3779296875 0.2197265625 0.30078125 0.2109375 0.3017578125 0.0986328125 0.330078125 0.044921875 0.4443359375 0.1025390625 0.552734375 0.2177734375 0.580078125 0.3125 0.5068359375