3 0.2421875 0.7880859375 0.2529296875 0.8046875 0.2890625 0.8095703125 0.314453125 0.7900390625 0.31640625 0.7548828125 0.2880859375 0.728515625 0.2568359375 0.734375 0.236328125 0.7666015625 0.2421875 0.7880859375
3 0.2080078125 0.86328125 0.17578125 0.8837890625 0.169921875 0.9208984375 0.1962890625 0.94921875 0.216796875 0.9482421875 0.2314453125 0.947265625 0.2421875 0.9365234375 0.25390625 0.9169921875 0.25390625 0.9052734375 0.2451171875 0.876953125 0.2080078125 0.86328125
3 0.328125 0.9521484375 0.3447265625 0.9765625 0.3828125 0.9814453125 0.412109375 0.9541015625 0.41015625 0.9169921875 0.3779296875 0.890625 0.3447265625 0.8984375 0.322265625 0.9345703125 0.328125 0.9521484375
3 0.0888671875 0.982421875 0.130859375 0.9912109375 0.1640625 0.9677734375 0.166015625 0.9248046875 0.1357421875 0.896484375 0.0927734375 0.90234375 0.0703125 0.9443359375 0.0888671875 0.982421875
3 0.759765625 0.9521484375 0.7744140625 0.966796875 0.80859375 0.9794921875 0.84375 0.9638671875 0.857421875 0.9169921875 0.8330078125 0.8828125 0.7861328125 0.87890625 0.755859375 0.9111328125 0.759765625 0.9521484375
3 0.876953125 0.8076171875 0.9150390625 0.83203125 0.927734375 0.8310546875 0.962890625 0.8173828125 0.9765625 0.7724609375 0.9521484375 0.736328125 0.9091796875 0.73046875 0.875 0.7607421875 0.876953125 0.8076171875
3 0.0556640625 0.71484375 0.03125 0.7646484375 0.0556640625 0.80859375 0.10546875 0.8193359375 0.140625 0.7919921875 0.14453125 0.7431640625 0.1337890625 0.7265625 0.1064453125 0.703125 0.0986328125 0.703125 0.0556640625 0.71484375
3 0.669921875 0.3662109375 0.6904296875 0.388671875 0.7265625 0.4072265625 0.78515625 0.3837890625 0.8046875 0.3232421875 0.7705078125 0.2734375 0.7041015625 0.265625 0.6640625 0.3056640625 0.669921875 0.3662109375
3 0.8515625 0.2685546875 0.85546875 0.3310546875 0.8935546875 0.36328125 0.9140625 0.3701171875 0.9658203125 0.35546875 0.9921875 0.3017578125 0.984375 0.2763671875 0.9599609375 0.236328125 0.8994140625 0.23046875 0.8515625 0.2685546875
3 0.328125 0.4423828125 0.341796875 0.5283203125 0.419921875 0.5771484375 0.5078125 0.5439453125 0.53515625 0.4560546875 0.4853515625 0.3828125 0.3935546875 0.37109375 0.3359375 0.4267578125 0.328125 0.4423828125
3 0.43359375 0.2705078125 0.4404296875 0.28125 0.529296875 0.3134765625 0.609375 0.2646484375 0.619140625 0.1728515625 0.5595703125 0.10546875 0.4677734375 0.111328125 0.4140625 0.1865234375 0.43359375 0.2705078125
3 0.037109375 0.1650390625 0.0390625 0.1865234375 0.0478515625 0.1953125 0.1103515625 0.244140625 0.126953125 0.2451171875 0.2138671875 0.22265625 0.25390625 0.1318359375 0.2060546875 0.04296875 0.1103515625 0.021484375 0.03515625 0.0869140625 0.037109375 0.1650390625
3 0.6328125 0.1669921875 0.7060546875 0.234375 0.720703125 0.2333984375 0.8115234375 0.21484375 0.861328125 0.1220703125 0.8173828125 0.025390625 0.7177734375 0 0.6328125 0.0615234375 0.6328125 0.1669921875
3 0.3857421875 0.724609375 0.37890625 0.7392578125 0.373046875 0.8408203125 0.4462890625 0.91015625 0.458984375 0.9150390625 0.5615234375 0.900390625 0.619140625 0.8037109375 0.5751953125 0.701171875 0.4775390625 0.669921875 0.4638671875 0.671875 0.3857421875 0.724609375
3 0.1142578125 0.380859375 0.02734375 0.4384765625 0.015625 0.5341796875 0.015625 0.5537109375 0.0888671875 0.626953125 0.111328125 0.6279296875 0.2041015625 0.6171875 0.263671875 0.5283203125 0.263671875 0.5126953125 0.232421875 0.4189453125 0.1259765625 0.37890625 0.1142578125 0.380859375
3 0.68359375 0.6201171875 0.7763671875 0.69921875 0.787109375 0.7001953125 0.8994140625 0.673828125 0.95703125 0.5576171875 0.8994140625 0.4453125 0.7802734375 0.41796875 0.68359375 0.4970703125 0.68359375 0.6201171875