3 0.3828125 0.8310546875 0.4404296875 0.89453125 0.4697265625 0.89453125 0.5341796875 0.88671875 0.583984375 0.8173828125 0.5859375 0.7998046875 0.5615234375 0.720703125 0.4697265625 0.6875 0.392578125 0.7353515625 0.3818359375 0.81640625 0.3828125 0.8310546875
3 0.5087890625 0.62109375 0.6005859375 0.63671875 0.677734375 0.5634765625 0.662109375 0.4658203125 0.5869140625 0.41796875 0.4931640625 0.447265625 0.4599609375 0.5390625 0.5087890625 0.62109375
3 0.7919921875 0.95703125 0.8681640625 0.9765625 0.8935546875 0.9765625 0.96484375 0.9130859375 0.9609375 0.8134765625 0.8837890625 0.751953125 0.7880859375 0.775390625 0.7470703125 0.86328125 0.7919921875 0.95703125
3 0.75390625 0.5439453125 0.7744140625 0.587890625 0.8818359375 0.62109375 0.97265625 0.5615234375 0.984375 0.4462890625 0.9091796875 0.37109375 0.7958984375 0.3828125 0.7353515625 0.474609375 0.75390625 0.5439453125
3 0.68359375 0.2470703125 0.7041015625 0.267578125 0.7158203125 0.271484375 0.75 0.2626953125 0.763671875 0.2236328125 0.7470703125 0.1953125 0.7138671875 0.1875 0.6845703125 0.2109375 0.68359375 0.2470703125
3 0.751953125 0.1201171875 0.7841796875 0.13671875 0.7919921875 0.138671875 0.826171875 0.1162109375 0.828125 0.0732421875 0.8037109375 0.048828125 0.7666015625 0.052734375 0.7451171875 0.08203125 0.751953125 0.1201171875
3 0.58984375 0.0849609375 0.6181640625 0.107421875 0.6640625 0.0966796875 0.677734375 0.0595703125 0.6591796875 0.025390625 0.6201171875 0.015625 0.5888671875 0.04296875 0.58984375 0.0849609375
3 0.83203125 0.0751953125 0.8720703125 0.10546875 0.9111328125 0.095703125 0.9296875 0.0537109375 0.9091796875 0.015625 0.8681640625 0.0078125 0.833984375 0.0322265625 0.8330078125 0.0625 0.83203125 0.0751953125
3 0.85546875 0.2626953125 0.8935546875 0.296875 0.94921875 0.2822265625 0.96875 0.2333984375 0.9443359375 0.189453125 0.8935546875 0.1796875 0.8564453125 0.2109375 0.85546875 0.2626953125
3 0.1796875 0.9736328125 0.1884765625 0.978515625 0.2841796875 1 0.369140625 0.9384765625 0.369140625 0.8349609375 0.2900390625 0.763671875 0.1884765625 0.783203125 0.1376953125 0.876953125 0.1796875 0.9736328125
3 0.2275390625 0.7265625 0.2861328125 0.736328125 0.2939453125 0.736328125 0.337890625 0.6923828125 0.330078125 0.6279296875 0.2802734375 0.591796875 0.2177734375 0.611328125 0.1943359375 0.671875 0.2275390625 0.7265625
3 0.421875 0.2958984375 0.4462890625 0.306640625 0.5322265625 0.330078125 0.619140625 0.2705078125 0.626953125 0.1572265625 0.5458984375 0.083984375 0.4365234375 0.099609375 0.3818359375 0.193359375 0.421875 0.2958984375
3 0.04296875 0.4462890625 0.09375 0.5478515625 0.1044921875 0.556640625 0.2197265625 0.58203125 0.31640625 0.5048828125 0.31640625 0.3798828125 0.2216796875 0.298828125 0.1005859375 0.326171875 0.0439453125 0.43359375 0.04296875 0.4462890625
3 0.0400390625 0.765625 0.1005859375 0.771484375 0.150390625 0.7333984375 0.146484375 0.6669921875 0.0927734375 0.626953125 0.0322265625 0.64453125 0.0068359375 0.69921875 0.0400390625 0.765625
3 0.142578125 0.0830078125 0.1689453125 0.119140625 0.2138671875 0.12109375 0.244140625 0.0888671875 0.23828125 0.0419921875 0.2001953125 0.01953125 0.1572265625 0.03515625 0.1435546875 0.07421875 0.142578125 0.0830078125
3 0.0498046875 0.265625 0.0947265625 0.26953125 0.126953125 0.2373046875 0.12109375 0.1904296875 0.0849609375 0.166015625 0.0400390625 0.177734375 0.0224609375 0.22265625 0.0498046875 0.265625