3 0.236328125 0.2333984375 0.2529296875 0.263671875 0.2890625 0.2685546875 0.314453125 0.2470703125 0.314453125 0.2138671875 0.2900390625 0.19140625 0.2763671875 0.189453125 0.25 0.2001953125 0.236328125 0.2333984375
3 0.173828125 0.1103515625 0.1806640625 0.12109375 0.212890625 0.1357421875 0.24609375 0.1201171875 0.25390625 0.0849609375 0.2333984375 0.0546875 0.1962890625 0.05078125 0.171875 0.0771484375 0.173828125 0.1103515625
3 0.330078125 0.0830078125 0.3486328125 0.103515625 0.3828125 0.1064453125 0.41015625 0.0810546875 0.41015625 0.0439453125 0.3818359375 0.017578125 0.3466796875 0.0234375 0.322265625 0.0615234375 0.330078125 0.0830078125
3 0.07421875 0.0654296875 0.0927734375 0.095703125 0.1328125 0.1025390625 0.166015625 0.0751953125 0.1640625 0.0322265625 0.1318359375 0.009765625 0.0947265625 0.015625 0.076171875 0.0439453125 0.07421875 0.0654296875
3 0.7578125 0.0732421875 0.7578125 0.0869140625 0.767578125 0.1005859375 0.7880859375 0.12109375 0.80078125 0.1201171875 0.8310546875 0.115234375 0.85546875 0.0810546875 0.84375 0.0400390625 0.8056640625 0.021484375 0.763671875 0.0439453125 0.7578125 0.0732421875
3 0.87890625 0.1962890625 0.876953125 0.2373046875 0.91015625 0.2666015625 0.9482421875 0.263671875 0.974609375 0.2255859375 0.9609375 0.1845703125 0.9228515625 0.16796875 0.8935546875 0.181640625 0.87890625 0.1962890625
3 0.033203125 0.2412109375 0.0556640625 0.283203125 0.107421875 0.2939453125 0.142578125 0.2626953125 0.142578125 0.2138671875 0.1025390625 0.181640625 0.0634765625 0.189453125 0.052734375 0.1962890625 0.033203125 0.2412109375
3 0.65625 0.6884765625 0.6962890625 0.734375 0.7041015625 0.740234375 0.720703125 0.7392578125 0.7724609375 0.732421875 0.810546875 0.6787109375 0.7890625 0.6103515625 0.7255859375 0.5859375 0.666015625 0.6259765625 0.65625 0.6884765625
3 0.853515625 0.6611328125 0.845703125 0.7001953125 0.845703125 0.7373046875 0.8974609375 0.775390625 0.91015625 0.7763671875 0.9658203125 0.767578125 1 0.7041015625 0.9697265625 0.640625 0.9189453125 0.625 0.8955078125 0.62890625 0.853515625 0.6611328125
3 0.42578125 0.8310546875 0.4716796875 0.888671875 0.55859375 0.8935546875 0.619140625 0.8251953125 0.607421875 0.7353515625 0.5283203125 0.685546875 0.4404296875 0.71875 0.4140625 0.8056640625 0.42578125 0.8310546875
3 0.04296875 0.8134765625 0.037109375 0.9111328125 0.1044921875 0.970703125 0.126953125 0.9736328125 0.2080078125 0.951171875 0.25 0.8720703125 0.25 0.8603515625 0.2119140625 0.779296875 0.1181640625 0.75390625 0.04296875 0.8134765625
3 0.3359375 0.4697265625 0.32421875 0.5498046875 0.328125 0.5712890625 0.3916015625 0.634765625 0.408203125 0.6337890625 0.4873046875 0.623046875 0.54296875 0.5419921875 0.51171875 0.4521484375 0.4228515625 0.41796875 0.4052734375 0.421875 0.3359375 0.4697265625
3 0.6328125 0.8349609375 0.6328125 0.9365234375 0.7138671875 0.99609375 0.724609375 0.9970703125 0.8154296875 0.974609375 0.857421875 0.8916015625 0.859375 0.8701171875 0.8095703125 0.783203125 0.7080078125 0.765625 0.6328125 0.8349609375
3 0.380859375 0.2646484375 0.4599609375 0.32421875 0.482421875 0.3271484375 0.5751953125 0.296875 0.6171875 0.1943359375 0.5595703125 0.099609375 0.4541015625 0.0859375 0.375 0.1572265625 0.380859375 0.2646484375
3 0.017578125 0.4482421875 0.025390625 0.5400390625 0.0341796875 0.564453125 0.1181640625 0.619140625 0.126953125 0.6181640625 0.2158203125 0.58984375 0.232421875 0.5791015625 0.263671875 0.4736328125 0.2021484375 0.384765625 0.0927734375 0.373046875 0.017578125 0.4482421875
3 0.68359375 0.4853515625 0.6923828125 0.51171875 0.7763671875 0.578125 0.796875 0.5771484375 0.9013671875 0.55078125 0.955078125 0.4384765625 0.8994140625 0.328125 0.7802734375 0.30078125 0.6875 0.3779296875 0.68359375 0.4853515625