3 0.248046875 0.7939453125 0.2568359375 0.802734375 0.287109375 0.8076171875 0.3125 0.7900390625 0.314453125 0.7548828125 0.2880859375 0.732421875 0.2568359375 0.736328125 0.23828125 0.7685546875 0.248046875 0.7939453125
3 0.171875 0.9208984375 0.1962890625 0.947265625 0.21875 0.9462890625 0.2314453125 0.9453125 0.25390625 0.9111328125 0.24609375 0.8818359375 0.2080078125 0.865234375 0.17578125 0.8857421875 0.171875 0.9208984375
3 0.3701171875 0.892578125 0.337890625 0.9052734375 0.32421875 0.9404296875 0.3447265625 0.974609375 0.37890625 0.9814453125 0.41015625 0.9560546875 0.41015625 0.9248046875 0.4013671875 0.908203125 0.3798828125 0.892578125 0.3701171875 0.892578125
3 0.072265625 0.9482421875 0.0908203125 0.982421875 0.1328125 0.9892578125 0.1640625 0.9658203125 0.1640625 0.9228515625 0.1337890625 0.896484375 0.0947265625 0.90234375 0.072265625 0.9365234375 0.072265625 0.9482421875
3 0.87890625 0.8076171875 0.9013671875 0.82421875 0.92578125 0.8310546875 0.962890625 0.8134765625 0.974609375 0.7744140625 0.9501953125 0.736328125 0.9052734375 0.734375 0.876953125 0.7607421875 0.87890625 0.8076171875
3 0.759765625 0.9501953125 0.7666015625 0.9609375 0.8046875 0.9794921875 0.84375 0.9619140625 0.857421875 0.9189453125 0.8330078125 0.884765625 0.7861328125 0.87890625 0.755859375 0.9130859375 0.759765625 0.9501953125
3 0.033203125 0.7646484375 0.0556640625 0.806640625 0.103515625 0.8173828125 0.138671875 0.7919921875 0.142578125 0.7412109375 0.1044921875 0.705078125 0.0966796875 0.705078125 0.0576171875 0.71484375 0.033203125 0.7646484375
3 0.8515625 0.3349609375 0.8974609375 0.37109375 0.91015625 0.3740234375 0.9697265625 0.357421875 0.99609375 0.3017578125 0.9638671875 0.234375 0.8994140625 0.2265625 0.84765625 0.2646484375 0.8515625 0.3349609375
3 0.658203125 0.3056640625 0.6640625 0.3662109375 0.6826171875 0.388671875 0.7197265625 0.412109375 0.73046875 0.4111328125 0.7890625 0.3876953125 0.810546875 0.3232421875 0.7705078125 0.267578125 0.7060546875 0.259765625 0.658203125 0.3056640625
3 0.4296875 0.2529296875 0.4404296875 0.279296875 0.529296875 0.3115234375 0.60546875 0.2666015625 0.6171875 0.1728515625 0.5595703125 0.107421875 0.4716796875 0.11328125 0.4140625 0.1904296875 0.4296875 0.2529296875
3 0.32421875 0.4345703125 0.328125 0.4775390625 0.3359375 0.5302734375 0.4033203125 0.576171875 0.421875 0.5810546875 0.51171875 0.5478515625 0.541015625 0.4541015625 0.4873046875 0.376953125 0.3916015625 0.365234375 0.32421875 0.4345703125
3 0.0390625 0.1826171875 0.1123046875 0.244140625 0.123046875 0.2451171875 0.2119140625 0.22265625 0.251953125 0.1337890625 0.2060546875 0.044921875 0.1103515625 0.0234375 0.037109375 0.0869140625 0.0390625 0.1826171875
3 0.6416015625 0.056640625 0.634765625 0.0751953125 0.634765625 0.1630859375 0.7080078125 0.23046875 0.716796875 0.2314453125 0.8115234375 0.212890625 0.857421875 0.1259765625 0.8154296875 0.02734375 0.7236328125 0.00390625 0.6416015625 0.056640625
3 0.4833984375 0.671875 0.4619140625 0.673828125 0.384765625 0.7275390625 0.375 0.8154296875 0.375 0.8427734375 0.4462890625 0.908203125 0.466796875 0.9130859375 0.5595703125 0.900390625 0.6171875 0.8056640625 0.578125 0.7060546875 0.4833984375 0.671875
3 0.1279296875 0.380859375 0.1064453125 0.38671875 0.02734375 0.4404296875 0.017578125 0.5322265625 0.017578125 0.5517578125 0.0888671875 0.625 0.115234375 0.6259765625 0.2041015625 0.615234375 0.263671875 0.5244140625 0.23046875 0.4169921875 0.1279296875 0.380859375
3 0.6875 0.4931640625 0.68359375 0.5888671875 0.6875 0.6220703125 0.7802734375 0.69921875 0.7890625 0.6982421875 0.9013671875 0.669921875 0.955078125 0.5556640625 0.8974609375 0.447265625 0.7822265625 0.419921875 0.6875 0.4931640625