3 0.7578125 0.2119140625 0.7470703125 0.1953125 0.7109375 0.1904296875 0.685546875 0.2099609375 0.68359375 0.2451171875 0.7119140625 0.271484375 0.7431640625 0.265625 0.763671875 0.2333984375 0.7578125 0.2119140625
3 0.74609375 0.0947265625 0.7548828125 0.123046875 0.7919921875 0.13671875 0.82421875 0.1162109375 0.830078125 0.0791015625 0.8037109375 0.05078125 0.783203125 0.0517578125 0.7685546875 0.052734375 0.7578125 0.0634765625 0.74609375 0.0830078125 0.74609375 0.0947265625
3 0.671875 0.0478515625 0.6552734375 0.0234375 0.6171875 0.0185546875 0.587890625 0.0458984375 0.58984375 0.0830078125 0.6220703125 0.109375 0.6552734375 0.1015625 0.677734375 0.0654296875 0.671875 0.0478515625
3 0.869140625 0.0087890625 0.8359375 0.0322265625 0.833984375 0.0751953125 0.8642578125 0.103515625 0.9072265625 0.09765625 0.9296875 0.0556640625 0.9111328125 0.017578125 0.869140625 0.0087890625
3 0.240234375 0.0478515625 0.2255859375 0.033203125 0.19140625 0.0205078125 0.15625 0.0361328125 0.142578125 0.0830078125 0.1669921875 0.1171875 0.2138671875 0.12109375 0.244140625 0.0888671875 0.240234375 0.0478515625
3 0.123046875 0.1923828125 0.0849609375 0.16796875 0.072265625 0.1689453125 0.037109375 0.1826171875 0.0234375 0.2275390625 0.0478515625 0.263671875 0.0908203125 0.26953125 0.125 0.2392578125 0.123046875 0.1923828125
3 0.9013671875 0.296875 0.9443359375 0.28515625 0.96875 0.2353515625 0.9443359375 0.19140625 0.89453125 0.1806640625 0.859375 0.2080078125 0.85546875 0.2568359375 0.8662109375 0.2734375 0.8935546875 0.296875 0.9013671875 0.296875
3 0.330078125 0.6337890625 0.3095703125 0.611328125 0.2734375 0.5927734375 0.21484375 0.6162109375 0.1953125 0.6767578125 0.2294921875 0.7265625 0.2958984375 0.734375 0.3359375 0.6943359375 0.330078125 0.6337890625
3 0.1005859375 0.76953125 0.1484375 0.7314453125 0.14453125 0.6689453125 0.1064453125 0.63671875 0.0859375 0.6298828125 0.0341796875 0.64453125 0.0078125 0.6982421875 0.015625 0.7236328125 0.0400390625 0.763671875 0.1005859375 0.76953125
3 0.671875 0.5576171875 0.658203125 0.4716796875 0.580078125 0.4228515625 0.4921875 0.4560546875 0.46484375 0.5439453125 0.5146484375 0.6171875 0.6064453125 0.62890625 0.6640625 0.5732421875 0.671875 0.5576171875
3 0.56640625 0.7294921875 0.5595703125 0.71875 0.470703125 0.6865234375 0.390625 0.7353515625 0.380859375 0.8271484375 0.4404296875 0.89453125 0.5322265625 0.888671875 0.5859375 0.8134765625 0.56640625 0.7294921875
3 0.8896484375 0.978515625 0.96484375 0.9130859375 0.962890625 0.8349609375 0.9609375 0.8134765625 0.9521484375 0.8046875 0.8896484375 0.755859375 0.873046875 0.7548828125 0.7861328125 0.77734375 0.74609375 0.8681640625 0.7939453125 0.95703125 0.8896484375 0.978515625
3 0.3671875 0.8330078125 0.2939453125 0.765625 0.279296875 0.7666015625 0.1884765625 0.78515625 0.138671875 0.8779296875 0.1826171875 0.974609375 0.2822265625 1 0.3671875 0.9384765625 0.3671875 0.8330078125
3 0.5224609375 0.330078125 0.5361328125 0.328125 0.6142578125 0.275390625 0.62109375 0.2607421875 0.626953125 0.1591796875 0.5537109375 0.08984375 0.541015625 0.0849609375 0.4384765625 0.099609375 0.380859375 0.1962890625 0.4248046875 0.298828125 0.5224609375 0.330078125
3 0.736328125 0.4873046875 0.767578125 0.5810546875 0.8740234375 0.62109375 0.8857421875 0.619140625 0.97265625 0.5615234375 0.984375 0.4658203125 0.984375 0.4462890625 0.9111328125 0.373046875 0.888671875 0.3720703125 0.7958984375 0.3828125 0.736328125 0.4716796875 0.736328125 0.4873046875
3 0.31640625 0.3798828125 0.2236328125 0.30078125 0.212890625 0.2998046875 0.1005859375 0.326171875 0.04296875 0.4423828125 0.1005859375 0.5546875 0.2197265625 0.58203125 0.31640625 0.5029296875 0.31640625 0.3798828125