3 0.189453125 0.7236328125 0.2001953125 0.75 0.2333984375 0.763671875 0.263671875 0.7470703125 0.2685546875 0.7109375 0.2470703125 0.685546875 0.2138671875 0.685546875 0.19140625 0.7099609375 0.189453125 0.7236328125
3 0.05078125 0.8037109375 0.0771484375 0.828125 0.1103515625 0.826171875 0.12109375 0.8193359375 0.1357421875 0.787109375 0.1201171875 0.75390625 0.0849609375 0.74609375 0.0546875 0.7666015625 0.05078125 0.8037109375
3 0.0234375 0.6533203125 0.0615234375 0.677734375 0.0830078125 0.669921875 0.103515625 0.6513671875 0.1064453125 0.6171875 0.0810546875 0.58984375 0.0439453125 0.58984375 0.017578125 0.6181640625 0.0234375 0.6533203125
3 0.015625 0.9052734375 0.0439453125 0.923828125 0.0654296875 0.92578125 0.095703125 0.9072265625 0.1025390625 0.8671875 0.0751953125 0.833984375 0.0322265625 0.8359375 0.009765625 0.8681640625 0.015625 0.9052734375
3 0.0810546875 0.14453125 0.0400390625 0.15625 0.021484375 0.1943359375 0.0439453125 0.236328125 0.0732421875 0.2421875 0.0869140625 0.2421875 0.1005859375 0.232421875 0.12109375 0.2119140625 0.1201171875 0.19921875 0.115234375 0.1689453125 0.0810546875 0.14453125
3 0.16796875 0.0771484375 0.181640625 0.1064453125 0.1962890625 0.12109375 0.2373046875 0.123046875 0.2666015625 0.08984375 0.263671875 0.0517578125 0.2255859375 0.025390625 0.1845703125 0.0390625 0.16796875 0.0771484375
3 0.189453125 0.9365234375 0.1962890625 0.947265625 0.2412109375 0.966796875 0.283203125 0.9443359375 0.2939453125 0.892578125 0.2626953125 0.857421875 0.2138671875 0.857421875 0.181640625 0.8974609375 0.189453125 0.9365234375
3 0.6103515625 0.2109375 0.5859375 0.2744140625 0.6259765625 0.333984375 0.6884765625 0.34375 0.734375 0.3037109375 0.740234375 0.2958984375 0.7392578125 0.279296875 0.732421875 0.2275390625 0.6787109375 0.189453125 0.6103515625 0.2109375
3 0.7041015625 0 0.640625 0.0302734375 0.625 0.0810546875 0.62890625 0.1044921875 0.6611328125 0.146484375 0.7001953125 0.154296875 0.7373046875 0.154296875 0.775390625 0.1025390625 0.7763671875 0.08984375 0.767578125 0.0341796875 0.7041015625 0
3 0.71875 0.5595703125 0.8056640625 0.5859375 0.8310546875 0.57421875 0.888671875 0.5283203125 0.8935546875 0.44140625 0.8251953125 0.380859375 0.7353515625 0.392578125 0.685546875 0.4716796875 0.71875 0.5595703125
3 0.8603515625 0.75 0.779296875 0.7880859375 0.75390625 0.8818359375 0.8134765625 0.95703125 0.9111328125 0.962890625 0.970703125 0.8955078125 0.9736328125 0.873046875 0.951171875 0.7919921875 0.8720703125 0.75 0.8603515625 0.75
3 0.5419921875 0.45703125 0.4521484375 0.48828125 0.41796875 0.5771484375 0.421875 0.5947265625 0.4697265625 0.6640625 0.5498046875 0.67578125 0.5712890625 0.671875 0.634765625 0.6083984375 0.6337890625 0.591796875 0.623046875 0.5126953125 0.5419921875 0.45703125
3 0.8701171875 0.140625 0.783203125 0.1904296875 0.765625 0.2919921875 0.8349609375 0.3671875 0.9365234375 0.3671875 0.99609375 0.2861328125 0.9970703125 0.275390625 0.974609375 0.1845703125 0.8916015625 0.142578125 0.8701171875 0.140625
3 0.0859375 0.5458984375 0.1572265625 0.625 0.2646484375 0.619140625 0.32421875 0.5400390625 0.3271484375 0.517578125 0.296875 0.4248046875 0.1943359375 0.3828125 0.099609375 0.4404296875 0.0859375 0.5458984375
3 0.5791015625 0.767578125 0.4736328125 0.736328125 0.384765625 0.7978515625 0.373046875 0.9072265625 0.4482421875 0.982421875 0.5400390625 0.974609375 0.564453125 0.9658203125 0.619140625 0.8818359375 0.6181640625 0.873046875 0.58984375 0.7841796875 0.5791015625 0.767578125
3 0.328125 0.1005859375 0.30078125 0.2197265625 0.3779296875 0.3125 0.4853515625 0.31640625 0.51171875 0.3076171875 0.578125 0.2236328125 0.5771484375 0.203125 0.55078125 0.0986328125 0.4384765625 0.044921875 0.328125 0.1005859375