3 0.736328125 0.7470703125 0.7666015625 0.763671875 0.7998046875 0.75 0.810546875 0.7236328125 0.80859375 0.7099609375 0.7861328125 0.685546875 0.7529296875 0.685546875 0.7314453125 0.7109375 0.736328125 0.7470703125
3 0.87890625 0.8193359375 0.8896484375 0.826171875 0.9228515625 0.828125 0.94921875 0.8037109375 0.9453125 0.7666015625 0.9150390625 0.74609375 0.8798828125 0.75390625 0.8642578125 0.787109375 0.87890625 0.8193359375
3 0.896484375 0.6513671875 0.9169921875 0.669921875 0.9384765625 0.677734375 0.9765625 0.6533203125 0.982421875 0.6181640625 0.9560546875 0.58984375 0.9189453125 0.58984375 0.8935546875 0.6171875 0.896484375 0.6513671875
3 0.904296875 0.9072265625 0.9345703125 0.92578125 0.9560546875 0.923828125 0.984375 0.9052734375 0.990234375 0.8681640625 0.9677734375 0.8359375 0.9248046875 0.833984375 0.8974609375 0.8671875 0.904296875 0.9072265625
3 0.87890625 0.2119140625 0.8994140625 0.232421875 0.9130859375 0.2421875 0.9267578125 0.2421875 0.9560546875 0.236328125 0.978515625 0.1943359375 0.9599609375 0.15625 0.9189453125 0.14453125 0.884765625 0.1689453125 0.8798828125 0.19921875 0.87890625 0.2119140625
3 0.7626953125 0.123046875 0.8037109375 0.12109375 0.818359375 0.1064453125 0.83203125 0.0771484375 0.8154296875 0.0390625 0.7744140625 0.025390625 0.736328125 0.0517578125 0.7333984375 0.08984375 0.7626953125 0.123046875
3 0.716796875 0.9443359375 0.7587890625 0.966796875 0.8037109375 0.947265625 0.810546875 0.9365234375 0.818359375 0.8974609375 0.7861328125 0.857421875 0.7373046875 0.857421875 0.7060546875 0.892578125 0.716796875 0.9443359375
3 0.259765625 0.2958984375 0.265625 0.3037109375 0.3115234375 0.34375 0.3740234375 0.333984375 0.4140625 0.2744140625 0.3896484375 0.2109375 0.3212890625 0.189453125 0.267578125 0.2275390625 0.2607421875 0.279296875 0.259765625 0.2958984375
3 0.224609375 0.1025390625 0.2626953125 0.154296875 0.2998046875 0.154296875 0.3388671875 0.146484375 0.37109375 0.1044921875 0.375 0.0810546875 0.359375 0.0302734375 0.2958984375 0 0.232421875 0.0341796875 0.2236328125 0.08984375 0.224609375 0.1025390625
3 0.111328125 0.5283203125 0.1689453125 0.57421875 0.1943359375 0.5859375 0.28125 0.5595703125 0.314453125 0.4716796875 0.2646484375 0.392578125 0.1748046875 0.380859375 0.1064453125 0.44140625 0.111328125 0.5283203125
3 0.029296875 0.8955078125 0.0888671875 0.962890625 0.1865234375 0.95703125 0.24609375 0.8818359375 0.220703125 0.7880859375 0.1396484375 0.75 0.1279296875 0.75 0.048828125 0.7919921875 0.0263671875 0.873046875 0.029296875 0.8955078125
3 0.365234375 0.6083984375 0.4287109375 0.671875 0.4501953125 0.67578125 0.5302734375 0.6640625 0.578125 0.5947265625 0.58203125 0.5771484375 0.5478515625 0.48828125 0.4580078125 0.45703125 0.376953125 0.5126953125 0.3662109375 0.591796875 0.365234375 0.6083984375
3 0.00390625 0.2861328125 0.0634765625 0.3671875 0.1650390625 0.3671875 0.234375 0.2919921875 0.216796875 0.1904296875 0.1298828125 0.140625 0.1083984375 0.142578125 0.025390625 0.1845703125 0.0029296875 0.275390625 0.00390625 0.2861328125
3 0.67578125 0.5400390625 0.7353515625 0.619140625 0.8427734375 0.625 0.9140625 0.5458984375 0.900390625 0.4404296875 0.8056640625 0.3828125 0.703125 0.4248046875 0.6728515625 0.517578125 0.67578125 0.5400390625
3 0.380859375 0.8818359375 0.435546875 0.9658203125 0.4599609375 0.974609375 0.5517578125 0.982421875 0.626953125 0.9072265625 0.615234375 0.7978515625 0.5263671875 0.736328125 0.4208984375 0.767578125 0.41015625 0.7841796875 0.3818359375 0.873046875 0.380859375 0.8818359375
3 0.421875 0.2236328125 0.48828125 0.3076171875 0.5146484375 0.31640625 0.6220703125 0.3125 0.69921875 0.2197265625 0.671875 0.1005859375 0.5615234375 0.044921875 0.44921875 0.0986328125 0.4228515625 0.203125 0.421875 0.2236328125