3 0.8310546875 0.6171875 0.89453125 0.5595703125 0.89453125 0.5302734375 0.88671875 0.4658203125 0.8173828125 0.416015625 0.7998046875 0.4140625 0.720703125 0.4384765625 0.6875 0.5302734375 0.7353515625 0.607421875 0.81640625 0.6181640625 0.8310546875 0.6171875
3 0.62109375 0.4912109375 0.63671875 0.3994140625 0.5634765625 0.322265625 0.4658203125 0.337890625 0.41796875 0.4130859375 0.447265625 0.5068359375 0.5390625 0.5400390625 0.62109375 0.4912109375
3 0.95703125 0.2080078125 0.9765625 0.1318359375 0.9765625 0.1064453125 0.9130859375 0.03515625 0.8134765625 0.0390625 0.751953125 0.1162109375 0.775390625 0.2119140625 0.86328125 0.2529296875 0.95703125 0.2080078125
3 0.5439453125 0.24609375 0.587890625 0.2255859375 0.62109375 0.1181640625 0.5615234375 0.02734375 0.4462890625 0.015625 0.37109375 0.0908203125 0.3828125 0.2041015625 0.474609375 0.2646484375 0.5439453125 0.24609375
3 0.2470703125 0.31640625 0.267578125 0.2958984375 0.271484375 0.2841796875 0.2626953125 0.25 0.2236328125 0.236328125 0.1953125 0.2529296875 0.1875 0.2861328125 0.2109375 0.3154296875 0.2470703125 0.31640625
3 0.1201171875 0.248046875 0.13671875 0.2158203125 0.138671875 0.2080078125 0.1162109375 0.173828125 0.0732421875 0.171875 0.048828125 0.1962890625 0.052734375 0.2333984375 0.08203125 0.2548828125 0.1201171875 0.248046875
3 0.0849609375 0.41015625 0.107421875 0.3818359375 0.0966796875 0.3359375 0.0595703125 0.322265625 0.025390625 0.3408203125 0.015625 0.3798828125 0.04296875 0.4111328125 0.0849609375 0.41015625
3 0.0751953125 0.16796875 0.10546875 0.1279296875 0.095703125 0.0888671875 0.0537109375 0.0703125 0.015625 0.0908203125 0.0078125 0.1318359375 0.0322265625 0.166015625 0.0625 0.1669921875 0.0751953125 0.16796875
3 0.2626953125 0.14453125 0.296875 0.1064453125 0.2822265625 0.05078125 0.2333984375 0.03125 0.189453125 0.0556640625 0.1796875 0.1064453125 0.2109375 0.1435546875 0.2626953125 0.14453125
3 0.9736328125 0.8203125 0.978515625 0.8115234375 1 0.7158203125 0.9384765625 0.630859375 0.8349609375 0.630859375 0.763671875 0.7099609375 0.783203125 0.8115234375 0.876953125 0.8623046875 0.9736328125 0.8203125
3 0.7265625 0.7724609375 0.736328125 0.7138671875 0.736328125 0.7060546875 0.6923828125 0.662109375 0.6279296875 0.669921875 0.591796875 0.7197265625 0.611328125 0.7822265625 0.671875 0.8056640625 0.7265625 0.7724609375
3 0.2958984375 0.578125 0.306640625 0.5537109375 0.330078125 0.4677734375 0.2705078125 0.380859375 0.1572265625 0.373046875 0.083984375 0.4541015625 0.099609375 0.5634765625 0.193359375 0.6181640625 0.2958984375 0.578125
3 0.4462890625 0.95703125 0.5478515625 0.90625 0.556640625 0.8955078125 0.58203125 0.7802734375 0.5048828125 0.68359375 0.3798828125 0.68359375 0.298828125 0.7783203125 0.326171875 0.8994140625 0.43359375 0.9560546875 0.4462890625 0.95703125
3 0.765625 0.9599609375 0.771484375 0.8994140625 0.7333984375 0.849609375 0.6669921875 0.853515625 0.626953125 0.9072265625 0.64453125 0.9677734375 0.69921875 0.9931640625 0.765625 0.9599609375
3 0.0830078125 0.857421875 0.119140625 0.8310546875 0.12109375 0.7861328125 0.0888671875 0.755859375 0.0419921875 0.76171875 0.01953125 0.7998046875 0.03515625 0.8427734375 0.07421875 0.8564453125 0.0830078125 0.857421875
3 0.265625 0.9501953125 0.26953125 0.9052734375 0.2373046875 0.873046875 0.1904296875 0.87890625 0.166015625 0.9150390625 0.177734375 0.9599609375 0.22265625 0.9775390625 0.265625 0.9501953125