3 0.11328125 0.4658203125 0.10546875 0.5302734375 0.10546875 0.5595703125 0.1689453125 0.6171875 0.18359375 0.6181640625 0.2646484375 0.607421875 0.3125 0.5302734375 0.279296875 0.4384765625 0.2001953125 0.4140625 0.1826171875 0.416015625 0.11328125 0.4658203125
3 0.37890625 0.4912109375 0.4609375 0.5400390625 0.552734375 0.5068359375 0.58203125 0.4130859375 0.5341796875 0.337890625 0.4365234375 0.322265625 0.36328125 0.3994140625 0.37890625 0.4912109375
3 0.0234375 0.1318359375 0.04296875 0.2080078125 0.13671875 0.2529296875 0.224609375 0.2119140625 0.248046875 0.1162109375 0.1865234375 0.0390625 0.0869140625 0.03515625 0.0234375 0.1064453125 0.0234375 0.1318359375
3 0.412109375 0.2255859375 0.4560546875 0.24609375 0.525390625 0.2646484375 0.6171875 0.2041015625 0.62890625 0.0908203125 0.5537109375 0.015625 0.4384765625 0.02734375 0.37890625 0.1181640625 0.412109375 0.2255859375
3 0.732421875 0.2958984375 0.7529296875 0.31640625 0.7890625 0.3154296875 0.8125 0.2861328125 0.8046875 0.2529296875 0.7763671875 0.236328125 0.7373046875 0.25 0.728515625 0.2841796875 0.732421875 0.2958984375
3 0.86328125 0.2158203125 0.8798828125 0.248046875 0.91796875 0.2548828125 0.947265625 0.2333984375 0.951171875 0.1962890625 0.9267578125 0.171875 0.8837890625 0.173828125 0.861328125 0.2080078125 0.86328125 0.2158203125
3 0.9150390625 0.41015625 0.95703125 0.4111328125 0.984375 0.3798828125 0.974609375 0.3408203125 0.9404296875 0.322265625 0.9033203125 0.3359375 0.892578125 0.3818359375 0.9150390625 0.41015625
3 0.89453125 0.1279296875 0.9248046875 0.16796875 0.9375 0.1669921875 0.9677734375 0.166015625 0.9921875 0.1318359375 0.984375 0.0908203125 0.9462890625 0.0703125 0.904296875 0.0888671875 0.89453125 0.1279296875
3 0.7373046875 0.14453125 0.7890625 0.1435546875 0.8203125 0.1064453125 0.810546875 0.0556640625 0.7666015625 0.03125 0.7177734375 0.05078125 0.703125 0.1064453125 0.7373046875 0.14453125
3 0.021484375 0.8115234375 0.0263671875 0.8203125 0.123046875 0.8623046875 0.216796875 0.8115234375 0.236328125 0.7099609375 0.1650390625 0.630859375 0.0615234375 0.630859375 0 0.7158203125 0.021484375 0.8115234375
3 0.263671875 0.7138671875 0.2734375 0.7724609375 0.328125 0.8056640625 0.388671875 0.7822265625 0.408203125 0.7197265625 0.3720703125 0.669921875 0.3076171875 0.662109375 0.263671875 0.7060546875 0.263671875 0.7138671875
3 0.693359375 0.5537109375 0.7041015625 0.578125 0.806640625 0.6181640625 0.900390625 0.5634765625 0.916015625 0.4541015625 0.8427734375 0.373046875 0.7294921875 0.380859375 0.669921875 0.4677734375 0.693359375 0.5537109375
3 0.443359375 0.8955078125 0.4521484375 0.90625 0.5537109375 0.95703125 0.56640625 0.9560546875 0.673828125 0.8994140625 0.701171875 0.7783203125 0.6201171875 0.68359375 0.4951171875 0.68359375 0.41796875 0.7802734375 0.443359375 0.8955078125
3 0.234375 0.9599609375 0.30078125 0.9931640625 0.35546875 0.9677734375 0.373046875 0.9072265625 0.3330078125 0.853515625 0.2666015625 0.849609375 0.228515625 0.8994140625 0.234375 0.9599609375
3 0.880859375 0.8310546875 0.9169921875 0.857421875 0.92578125 0.8564453125 0.96484375 0.8427734375 0.98046875 0.7998046875 0.9580078125 0.76171875 0.9111328125 0.755859375 0.87890625 0.7861328125 0.880859375 0.8310546875
3 0.734375 0.9501953125 0.77734375 0.9775390625 0.822265625 0.9599609375 0.833984375 0.9150390625 0.8095703125 0.87890625 0.7626953125 0.873046875 0.73046875 0.9052734375 0.734375 0.9501953125