4 0.9208984375 0.22265625 0.966796875 0.1923828125 0.962890625 0.1259765625 0.9052734375 0.091796875 0.84375 0.1279296875 0.845703125 0.1943359375 0.900390625 0.2255859375 0.9208984375 0.22265625
4 0.7451171875 0.4140625 0.796875 0.3583984375 0.796875 0.3447265625 0.7724609375 0.275390625 0.6962890625 0.2578125 0.638671875 0.3154296875 0.63671875 0.3251953125 0.6630859375 0.3984375 0.7265625 0.4130859375 0.7451171875 0.4140625
4 0.7158203125 0.193359375 0.72265625 0.1787109375 0.724609375 0.0947265625 0.6455078125 0.04296875 0.55859375 0.0869140625 0.5546875 0.1494140625 0.5546875 0.1806640625 0.634765625 0.2314453125 0.7158203125 0.193359375
4 0.90625 0.9541015625 0.9609375 0.8779296875 0.9248046875 0.791015625 0.8251953125 0.77734375 0.765625 0.8525390625 0.765625 0.8642578125 0.8056640625 0.94921875 0.890625 0.9599609375 0.90625 0.9541015625
4 0.5271381578125001 0.40021929843750004 0.5408442984375 0.3865131578125 0.54906798125 0.3782894734375 0.5595703125 0.369140625 0.57421875 0.3583984375 0.568359375 0.3154296875 0.5498046875 0.25 0.4482421875 0.220703125 0.3720703125 0.2890625 0.369140625 0.2978515625 0.392578125 0.3955078125 0.4921875 0.4287109375 0.5271381578125001 0.40021929843750004
4 0.9033203125 0.642578125 0.9765625 0.5654296875 0.974609375 0.5361328125 0.9443359375 0.4453125 0.8330078125 0.41796875 0.759765625 0.4931640625 0.751953125 0.5126953125 0.7861328125 0.619140625 0.88671875 0.6455078125 0.9033203125 0.642578125
4 0.5888671875 0.8828125 0.6953125 0.6904296875 0.69140625 0.6689453125 0.5771484375 0.484375 0.3486328125 0.490234375 0.248046875 0.6689453125 0.240234375 0.6884765625 0.24609375 0.7080078125 0.357421875 0.8876953125 0.5888671875 0.8828125
4 0.2197265625 0.212890625 0.234375 0.2001953125 0.2734375 0.1064453125 0.2080078125 0.015625 0.0966796875 0.029296875 0.0703125 0.0849609375 0.052734375 0.1337890625 0.1171875 0.2216796875 0.2197265625 0.212890625
4 0.248046875 0.4755859375 0.3203125 0.3798828125 0.3203125 0.3720703125 0.2705078125 0.26171875 0.1455078125 0.24609375 0.078125 0.3330078125 0.0703125 0.3525390625 0.1201171875 0.462890625 0.22265625 0.4755859375 0.248046875 0.4755859375
4 0.1513671875 0.716796875 0.23046875 0.6650390625 0.23046875 0.6279296875 0.2265625 0.5634765625 0.1337890625 0.513671875 0.0517578125 0.56640625 0.048828125 0.5966796875 0.0546875 0.6708984375 0.140625 0.7177734375 0.1513671875 0.716796875
4 0.2373046875 0.974609375 0.2421875 0.9697265625 0.298828125 0.8486328125 0.2275390625 0.740234375 0.087890625 0.7490234375 0.03125 0.8603515625 0.03125 0.8701171875 0.1015625 0.9794921875 0.2373046875 0.974609375