4 0.875 0.1552734375 0.908203125 0.1005859375 0.8984375 0.0732421875 0.8740234375 0.03515625 0.8076171875 0.033203125 0.771484375 0.0888671875 0.80078125 0.1533203125 0.875 0.1552734375
4 0.58203125 0.2587890625 0.59765625 0.3349609375 0.6025390625 0.341796875 0.6494140625 0.357421875 0.68359375 0.3623046875 0.7421875 0.3076171875 0.728515625 0.2373046875 0.7177734375 0.22265625 0.6435546875 0.201171875 0.58203125 0.2587890625
4 0.8515625 0.4462890625 0.9150390625 0.44140625 0.958984375 0.3564453125 0.9052734375 0.2734375 0.8095703125 0.27734375 0.765625 0.3623046875 0.8173828125 0.4453125 0.8515625 0.4462890625
4 0.048828125 0.1884765625 0.0556640625 0.201171875 0.14453125 0.2353515625 0.220703125 0.1767578125 0.2109375 0.0810546875 0.1982421875 0.0703125 0.1162109375 0.0390625 0.0390625 0.1005859375 0.048828125 0.1884765625
4 0.3349609375 0.767578125 0.28125 0.8466796875 0.28515625 0.8720703125 0.3291015625 0.947265625 0.4296875 0.9501953125 0.484375 0.8701171875 0.482421875 0.8525390625 0.447265625 0.7841796875 0.4345703125 0.771484375 0.3349609375 0.767578125
4 0.58203125 0.5595703125 0.6005859375 0.609375 0.708984375 0.6318359375 0.78125 0.5537109375 0.763671875 0.4853515625 0.7490234375 0.4453125 0.6396484375 0.423828125 0.56640625 0.5048828125 0.58203125 0.5595703125
4 0.7890625 0.7685546875 0.775390625 0.8720703125 0.7841796875 0.892578125 0.8642578125 0.94921875 0.873046875 0.9482421875 0.97265625 0.9013671875 0.982421875 0.8291015625 0.984375 0.7919921875 0.8935546875 0.724609375 0.7890625 0.7685546875
4 0.37890625 0.2119140625 0.4248046875 0.23046875 0.498046875 0.2470703125 0.580078125 0.1689453125 0.55859375 0.0673828125 0.5458984375 0.05078125 0.4365234375 0.0234375 0.353515625 0.1025390625 0.37890625 0.2119140625
4 0.521484375 0.7802734375 0.53515625 0.8798828125 0.654296875 0.9306640625 0.75390625 0.8564453125 0.744140625 0.7509765625 0.7373046875 0.7265625 0.6220703125 0.677734375 0.521484375 0.7529296875 0.521484375 0.7802734375
4 0.017578125 0.8642578125 0.0205078125 0.900390625 0.134765625 0.9716796875 0.255859375 0.9072265625 0.26171875 0.8310546875 0.26171875 0.7705078125 0.1474609375 0.697265625 0.025390625 0.7587890625 0.017578125 0.8642578125
4 0.11328125 0.4130859375 0.107421875 0.6181640625 0.107421875 0.6376953125 0.1142578125 0.6484375 0.310546875 0.7626953125 0.5048828125 0.658203125 0.513671875 0.6416015625 0.513671875 0.4189453125 0.3193359375 0.30078125 0.11328125 0.4130859375