4 0.1923828125 0.966796875 0.23046875 0.9091796875 0.1943359375 0.845703125 0.1259765625 0.84375 0.09375 0.8955078125 0.095703125 0.9150390625 0.123046875 0.9638671875 0.140625 0.9658203125 0.1923828125 0.966796875
4 0.3583984375 0.796875 0.416015625 0.7431640625 0.416015625 0.7353515625 0.400390625 0.6630859375 0.3193359375 0.63671875 0.267578125 0.6826171875 0.259765625 0.7021484375 0.275390625 0.7705078125 0.34375 0.7958984375 0.3583984375 0.796875
4 0.1689453125 0.724609375 0.1953125 0.7158203125 0.232421875 0.6416015625 0.232421875 0.6298828125 0.1806640625 0.5546875 0.0888671875 0.55859375 0.080078125 0.5654296875 0.04296875 0.6455078125 0.09375 0.7255859375 0.1689453125 0.724609375
4 0.9482421875 0.91015625 0.9609375 0.8916015625 0.947265625 0.8037109375 0.8564453125 0.765625 0.78125 0.8232421875 0.78125 0.8505859375 0.791015625 0.9189453125 0.87890625 0.9580078125 0.9482421875 0.91015625
4 0.66796875 0.2275390625 0.7109375 0.1630859375 0.71875 0.1396484375 0.6748046875 0.056640625 0.5732421875 0.048828125 0.517578125 0.1259765625 0.517578125 0.1455078125 0.5634765625 0.224609375 0.638671875 0.2294921875 0.66796875 0.2275390625
4 0.361328125 0.5732421875 0.419921875 0.5087890625 0.4296875 0.4970703125 0.4296875 0.4853515625 0.3974609375 0.390625 0.2939453125 0.369140625 0.22265625 0.4443359375 0.220703125 0.4580078125 0.2529296875 0.552734375 0.353515625 0.5751953125 0.361328125 0.5732421875
4 0.2060546875 0.23046875 0.21484375 0.2001953125 0.22265625 0.1298828125 0.21875 0.1142578125 0.1376953125 0.056640625 0.1240234375 0.056640625 0.0458984375 0.08984375 0.03125 0.0986328125 0.02734375 0.1103515625 0.017578125 0.2060546875 0.107421875 0.2705078125 0.2060546875 0.23046875
4 0.5615234375 0.9765625 0.6318359375 0.912109375 0.64453125 0.8974609375 0.64453125 0.8857421875 0.6162109375 0.783203125 0.5029296875 0.751953125 0.421875 0.8291015625 0.421875 0.8505859375 0.4501953125 0.947265625 0.548828125 0.9755859375 0.5615234375 0.9765625
4 0.3916015625 0.310546875 0.4736328125 0.248046875 0.478515625 0.2412109375 0.4765625 0.2138671875 0.46484375 0.1220703125 0.3466796875 0.0703125 0.2509765625 0.140625 0.248046875 0.1591796875 0.26171875 0.2685546875 0.37109375 0.3173828125 0.3916015625 0.310546875
4 0.9150390625 0.271484375 0.9765625 0.2353515625 0.982421875 0.1044921875 0.8720703125 0.029296875 0.7529296875 0.083984375 0.7421875 0.0966796875 0.736328125 0.2255859375 0.849609375 0.2998046875 0.9150390625 0.271484375
4 0.6943359375 0.69140625 0.8662109375 0.59765625 0.884765625 0.5849609375 0.88671875 0.5751953125 0.888671875 0.3583984375 0.6943359375 0.23828125 0.4951171875 0.34375 0.48828125 0.3544921875 0.486328125 0.5791015625 0.677734375 0.6943359375 0.6943359375 0.69140625