4 0.19921875 0.1533203125 0.228515625 0.0888671875 0.1923828125 0.033203125 0.1259765625 0.03515625 0.1015625 0.0732421875 0.091796875 0.1005859375 0.125 0.1552734375 0.19921875 0.1533203125
4 0.3505859375 0.357421875 0.3974609375 0.341796875 0.40234375 0.3349609375 0.41796875 0.2587890625 0.3564453125 0.201171875 0.2822265625 0.22265625 0.271484375 0.2373046875 0.2578125 0.3076171875 0.31640625 0.3623046875 0.3505859375 0.357421875
4 0.1826171875 0.4453125 0.234375 0.3623046875 0.1904296875 0.27734375 0.0947265625 0.2734375 0.041015625 0.3564453125 0.0849609375 0.44140625 0.1484375 0.4462890625 0.1826171875 0.4453125
4 0.9443359375 0.201171875 0.951171875 0.1884765625 0.9609375 0.1005859375 0.8837890625 0.0390625 0.8017578125 0.0703125 0.7890625 0.0810546875 0.779296875 0.1767578125 0.85546875 0.2353515625 0.9443359375 0.201171875
4 0.6708984375 0.947265625 0.71484375 0.8720703125 0.71875 0.8466796875 0.6650390625 0.767578125 0.5654296875 0.771484375 0.552734375 0.7841796875 0.517578125 0.8525390625 0.515625 0.8701171875 0.5703125 0.9501953125 0.6708984375 0.947265625
4 0.3994140625 0.609375 0.41796875 0.5595703125 0.43359375 0.5048828125 0.3603515625 0.423828125 0.2509765625 0.4453125 0.236328125 0.4853515625 0.21875 0.5537109375 0.291015625 0.6318359375 0.3994140625 0.609375
4 0.1357421875 0.94921875 0.2158203125 0.892578125 0.224609375 0.8720703125 0.2109375 0.7685546875 0.1064453125 0.724609375 0.015625 0.7919921875 0.017578125 0.8291015625 0.02734375 0.9013671875 0.126953125 0.9482421875 0.1357421875 0.94921875
4 0.5751953125 0.23046875 0.62109375 0.2119140625 0.646484375 0.1025390625 0.5634765625 0.0234375 0.4541015625 0.05078125 0.44140625 0.0673828125 0.419921875 0.1689453125 0.501953125 0.2470703125 0.5751953125 0.23046875
4 0.46484375 0.8798828125 0.478515625 0.7802734375 0.478515625 0.7529296875 0.3779296875 0.677734375 0.2626953125 0.7265625 0.255859375 0.7509765625 0.24609375 0.8564453125 0.345703125 0.9306640625 0.46484375 0.8798828125
4 0.9794921875 0.900390625 0.982421875 0.8642578125 0.974609375 0.7587890625 0.8525390625 0.697265625 0.73828125 0.7705078125 0.73828125 0.8310546875 0.744140625 0.9072265625 0.865234375 0.9716796875 0.9794921875 0.900390625
4 0.8857421875 0.6484375 0.892578125 0.6376953125 0.892578125 0.6181640625 0.88671875 0.4130859375 0.6806640625 0.30078125 0.486328125 0.4189453125 0.486328125 0.6416015625 0.4951171875 0.658203125 0.689453125 0.7626953125 0.8857421875 0.6484375