4 0.0791015625 0.22265625 0.099609375 0.2255859375 0.154296875 0.1943359375 0.15625 0.1279296875 0.0947265625 0.091796875 0.037109375 0.1259765625 0.033203125 0.1923828125 0.0791015625 0.22265625
4 0.203125 0.3447265625 0.203125 0.3583984375 0.2548828125 0.4140625 0.2734375 0.4130859375 0.3369140625 0.3984375 0.36328125 0.3251953125 0.361328125 0.3154296875 0.3037109375 0.2578125 0.2275390625 0.275390625 0.203125 0.3447265625
4 0.27734375 0.1787109375 0.2841796875 0.193359375 0.365234375 0.2314453125 0.4453125 0.1806640625 0.4453125 0.1494140625 0.44140625 0.0869140625 0.3544921875 0.04296875 0.275390625 0.0947265625 0.27734375 0.1787109375
4 0.0390625 0.8779296875 0.09375 0.9541015625 0.109375 0.9599609375 0.1943359375 0.94921875 0.234375 0.8642578125 0.234375 0.8525390625 0.1748046875 0.77734375 0.0751953125 0.791015625 0.0390625 0.8779296875
4 0.431640625 0.3154296875 0.42578125 0.3583984375 0.4404296875 0.369140625 0.45093201875 0.3782894734375 0.45915570156249996 0.3865131578125 0.4728618421875 0.40021929843750004 0.5078125 0.4287109375 0.607421875 0.3955078125 0.630859375 0.2978515625 0.6279296875 0.2890625 0.5517578125 0.220703125 0.4501953125 0.25 0.431640625 0.3154296875
4 0.025390625 0.5361328125 0.0234375 0.5654296875 0.0966796875 0.642578125 0.11328125 0.6455078125 0.2138671875 0.619140625 0.248046875 0.5126953125 0.240234375 0.4931640625 0.1669921875 0.41796875 0.0556640625 0.4453125 0.025390625 0.5361328125
4 0.30859375 0.6689453125 0.3046875 0.6904296875 0.4111328125 0.8828125 0.642578125 0.8876953125 0.75390625 0.7080078125 0.759765625 0.6884765625 0.751953125 0.6689453125 0.6513671875 0.490234375 0.4228515625 0.484375 0.30859375 0.6689453125
4 0.765625 0.2001953125 0.7802734375 0.212890625 0.8828125 0.2216796875 0.947265625 0.1337890625 0.9296875 0.0849609375 0.9033203125 0.029296875 0.7919921875 0.015625 0.7265625 0.1064453125 0.765625 0.2001953125
4 0.6796875 0.3720703125 0.6796875 0.3798828125 0.751953125 0.4755859375 0.77734375 0.4755859375 0.8798828125 0.462890625 0.9296875 0.3525390625 0.921875 0.3330078125 0.8544921875 0.24609375 0.7294921875 0.26171875 0.6796875 0.3720703125
4 0.76953125 0.6279296875 0.76953125 0.6650390625 0.8486328125 0.716796875 0.859375 0.7177734375 0.9453125 0.6708984375 0.951171875 0.5966796875 0.9482421875 0.56640625 0.8662109375 0.513671875 0.7734375 0.5634765625 0.76953125 0.6279296875
4 0.7578125 0.9697265625 0.7626953125 0.974609375 0.8984375 0.9794921875 0.96875 0.8701171875 0.96875 0.8603515625 0.912109375 0.7490234375 0.7724609375 0.740234375 0.701171875 0.8486328125 0.7578125 0.9697265625