4 0.76953125 0.9091796875 0.8076171875 0.966796875 0.859375 0.9658203125 0.876953125 0.9638671875 0.904296875 0.9150390625 0.90625 0.8955078125 0.8740234375 0.84375 0.8056640625 0.845703125 0.76953125 0.9091796875
4 0.583984375 0.7353515625 0.583984375 0.7431640625 0.6416015625 0.796875 0.65625 0.7958984375 0.724609375 0.7705078125 0.740234375 0.7021484375 0.732421875 0.6826171875 0.6806640625 0.63671875 0.599609375 0.6630859375 0.583984375 0.7353515625
4 0.767578125 0.6416015625 0.8046875 0.7158203125 0.8310546875 0.724609375 0.90625 0.7255859375 0.95703125 0.6455078125 0.919921875 0.5654296875 0.9111328125 0.55859375 0.8193359375 0.5546875 0.767578125 0.6298828125 0.767578125 0.6416015625
4 0.0390625 0.8916015625 0.0517578125 0.91015625 0.12109375 0.9580078125 0.208984375 0.9189453125 0.21875 0.8505859375 0.21875 0.8232421875 0.1435546875 0.765625 0.052734375 0.8037109375 0.0390625 0.8916015625
4 0.28125 0.1396484375 0.2890625 0.1630859375 0.33203125 0.2275390625 0.361328125 0.2294921875 0.4365234375 0.224609375 0.482421875 0.1455078125 0.482421875 0.1259765625 0.4267578125 0.048828125 0.3251953125 0.056640625 0.28125 0.1396484375
4 0.5703125 0.4853515625 0.5703125 0.4970703125 0.580078125 0.5087890625 0.638671875 0.5732421875 0.646484375 0.5751953125 0.7470703125 0.552734375 0.779296875 0.4580078125 0.77734375 0.4443359375 0.7060546875 0.369140625 0.6025390625 0.390625 0.5703125 0.4853515625
4 0.8623046875 0.056640625 0.78125 0.1142578125 0.77734375 0.1298828125 0.78515625 0.2001953125 0.7939453125 0.23046875 0.892578125 0.2705078125 0.982421875 0.2060546875 0.97265625 0.1103515625 0.96875 0.0986328125 0.9541015625 0.08984375 0.8759765625 0.056640625 0.8623046875 0.056640625
4 0.35546875 0.8857421875 0.35546875 0.8974609375 0.3681640625 0.912109375 0.4384765625 0.9765625 0.451171875 0.9755859375 0.5498046875 0.947265625 0.578125 0.8505859375 0.578125 0.8291015625 0.4970703125 0.751953125 0.3837890625 0.783203125 0.35546875 0.8857421875
4 0.5234375 0.2138671875 0.521484375 0.2412109375 0.5263671875 0.248046875 0.6083984375 0.310546875 0.62890625 0.3173828125 0.73828125 0.2685546875 0.751953125 0.1591796875 0.7490234375 0.140625 0.6533203125 0.0703125 0.53515625 0.1220703125 0.5234375 0.2138671875
4 0.0234375 0.2353515625 0.0849609375 0.271484375 0.150390625 0.2998046875 0.263671875 0.2255859375 0.2578125 0.0966796875 0.2470703125 0.083984375 0.1279296875 0.029296875 0.017578125 0.1044921875 0.0234375 0.2353515625
4 0.11328125 0.5751953125 0.115234375 0.5849609375 0.1337890625 0.59765625 0.3056640625 0.69140625 0.322265625 0.6943359375 0.513671875 0.5791015625 0.51171875 0.3544921875 0.5048828125 0.34375 0.3056640625 0.23828125 0.111328125 0.3583984375 0.11328125 0.5751953125