4 0.1220703125 0.78515625 0.0869140625 0.775390625 0.03515625 0.8095703125 0.03515625 0.8720703125 0.0927734375 0.90625 0.103515625 0.9052734375 0.15625 0.8720703125 0.154296875 0.8115234375 0.1435546875 0.810546875 0.142578125 0.7998046875 0.1279296875 0.794921875 0.1220703125 0.78515625
4 0.22265625 0.7158203125 0.2333984375 0.7265625 0.310546875 0.7392578125 0.36328125 0.6826171875 0.34375 0.6103515625 0.3330078125 0.59765625 0.2568359375 0.583984375 0.201171875 0.6435546875 0.22265625 0.7158203125
4 0.0703125 0.1865234375 0.0810546875 0.205078125 0.173828125 0.2158203125 0.232421875 0.1435546875 0.21484375 0.0966796875 0.1943359375 0.0546875 0.1005859375 0.044921875 0.044921875 0.1142578125 0.0703125 0.1865234375
4 0.2734375 0.8857421875 0.2744140625 0.90625 0.3466796875 0.955078125 0.361328125 0.9560546875 0.439453125 0.9150390625 0.447265625 0.8544921875 0.4453125 0.8173828125 0.3662109375 0.765625 0.279296875 0.8095703125 0.2734375 0.8857421875
4 0.775390625 0.4208984375 0.7822265625 0.439453125 0.8671875 0.4794921875 0.9453125 0.4287109375 0.943359375 0.3525390625 0.9365234375 0.326171875 0.8525390625 0.283203125 0.7734375 0.3349609375 0.775390625 0.4208984375
4 0.427734375 0.6435546875 0.4453125 0.7294921875 0.4541015625 0.748046875 0.55078125 0.7744140625 0.625 0.7119140625 0.623046875 0.6728515625 0.6025390625 0.603515625 0.5908203125 0.595703125 0.5048828125 0.57421875 0.427734375 0.6435546875
4 0.7763671875 0.79296875 0.736328125 0.8740234375 0.734375 0.8994140625 0.783203125 0.9677734375 0.7958984375 0.978515625 0.8125 0.9775390625 0.8994140625 0.966796875 0.9375 0.8857421875 0.939453125 0.8603515625 0.8876953125 0.783203125 0.8173828125 0.783203125 0.7763671875 0.79296875
4 0.05078125 0.5439453125 0.0576171875 0.5546875 0.169921875 0.5791015625 0.24609375 0.4970703125 0.23046875 0.4248046875 0.2119140625 0.37890625 0.1005859375 0.35546875 0.0234375 0.4384765625 0.05078125 0.5439453125
4 0.689453125 0.6103515625 0.685546875 0.6298828125 0.69140625 0.6474609375 0.7333984375 0.734375 0.8515625 0.7490234375 0.919921875 0.6630859375 0.92578125 0.6513671875 0.919921875 0.6337890625 0.8740234375 0.5390625 0.7587890625 0.525390625 0.689453125 0.6103515625
4 0.703125 0.1435546875 0.7744140625 0.2578125 0.8203125 0.2568359375 0.9072265625 0.25 0.966796875 0.1357421875 0.921875 0.0595703125 0.8916015625 0.021484375 0.7626953125 0.029296875 0.703125 0.1435546875
4 0.30859375 0.3134765625 0.4248046875 0.509765625 0.5234375 0.5087890625 0.6513671875 0.50390625 0.755859375 0.3134765625 0.75 0.2919921875 0.6357421875 0.11328125 0.4169921875 0.119140625 0.30859375 0.3134765625