4 0.900390625 0.7744140625 0.845703125 0.8056640625 0.84375 0.8720703125 0.9052734375 0.908203125 0.962890625 0.8740234375 0.966796875 0.8076171875 0.9208984375 0.77734375 0.900390625 0.7744140625
4 0.7724609375 0.724609375 0.796875 0.6552734375 0.796875 0.6416015625 0.7451171875 0.5859375 0.7265625 0.5869140625 0.6630859375 0.6015625 0.63671875 0.6748046875 0.638671875 0.6845703125 0.6962890625 0.7421875 0.7724609375 0.724609375
4 0.72265625 0.8212890625 0.7158203125 0.806640625 0.634765625 0.7685546875 0.5546875 0.8193359375 0.5546875 0.8505859375 0.55859375 0.9130859375 0.6455078125 0.95703125 0.724609375 0.9052734375 0.72265625 0.8212890625
4 0.9609375 0.1220703125 0.90625 0.0458984375 0.890625 0.0400390625 0.8056640625 0.05078125 0.765625 0.1357421875 0.765625 0.1474609375 0.8251953125 0.22265625 0.9248046875 0.208984375 0.9609375 0.1220703125
4 0.369140625 0.7021484375 0.3720703125 0.7109375 0.4482421875 0.779296875 0.5498046875 0.75 0.568359375 0.6845703125 0.57421875 0.6416015625 0.5595703125 0.630859375 0.54906798125 0.6217105265625 0.5408442984375 0.6134868421874999 0.5271381578125001 0.5997807015625 0.4921875 0.5712890625 0.392578125 0.6044921875 0.369140625 0.7021484375
4 0.9443359375 0.5546875 0.974609375 0.4638671875 0.9765625 0.4345703125 0.9033203125 0.357421875 0.88671875 0.3544921875 0.7861328125 0.380859375 0.751953125 0.4873046875 0.759765625 0.5068359375 0.8330078125 0.58203125 0.9443359375 0.5546875
4 0.5771484375 0.515625 0.69140625 0.3310546875 0.6953125 0.3095703125 0.5888671875 0.1171875 0.357421875 0.1123046875 0.24609375 0.2919921875 0.240234375 0.3115234375 0.248046875 0.3310546875 0.3486328125 0.509765625 0.5771484375 0.515625
4 0.234375 0.7998046875 0.2197265625 0.787109375 0.1171875 0.7783203125 0.052734375 0.8662109375 0.0703125 0.9150390625 0.0966796875 0.970703125 0.2080078125 0.984375 0.2734375 0.8935546875 0.234375 0.7998046875
4 0.2705078125 0.73828125 0.3203125 0.6279296875 0.3203125 0.6201171875 0.248046875 0.5244140625 0.22265625 0.5244140625 0.1201171875 0.537109375 0.0703125 0.6474609375 0.078125 0.6669921875 0.1455078125 0.75390625 0.2705078125 0.73828125
4 0.2265625 0.4365234375 0.23046875 0.3720703125 0.23046875 0.3349609375 0.1513671875 0.283203125 0.140625 0.2822265625 0.0546875 0.3291015625 0.048828125 0.4033203125 0.0517578125 0.43359375 0.1337890625 0.486328125 0.2265625 0.4365234375
4 0.2421875 0.0302734375 0.2373046875 0.025390625 0.1015625 0.0205078125 0.03125 0.1298828125 0.03125 0.1396484375 0.087890625 0.2509765625 0.2275390625 0.259765625 0.298828125 0.1513671875 0.2421875 0.0302734375