4 0.8720703125 0.84375 0.8115234375 0.845703125 0.810546875 0.8564453125 0.7998046875 0.857421875 0.794921875 0.8720703125 0.78515625 0.8779296875 0.775390625 0.9130859375 0.8095703125 0.96484375 0.8720703125 0.96484375 0.90625 0.9072265625 0.9052734375 0.896484375 0.8720703125 0.84375
4 0.583984375 0.7431640625 0.6435546875 0.798828125 0.7158203125 0.77734375 0.7265625 0.7666015625 0.7392578125 0.689453125 0.6826171875 0.63671875 0.6103515625 0.65625 0.59765625 0.6669921875 0.583984375 0.7431640625
4 0.044921875 0.8994140625 0.1142578125 0.955078125 0.1865234375 0.9296875 0.205078125 0.9189453125 0.2158203125 0.826171875 0.1435546875 0.767578125 0.0966796875 0.78515625 0.0546875 0.8056640625 0.044921875 0.8994140625
4 0.8173828125 0.5546875 0.765625 0.6337890625 0.8095703125 0.720703125 0.8857421875 0.7265625 0.90625 0.7255859375 0.955078125 0.6533203125 0.9560546875 0.638671875 0.9150390625 0.560546875 0.8544921875 0.552734375 0.8173828125 0.5546875
4 0.283203125 0.1474609375 0.3349609375 0.2265625 0.4208984375 0.224609375 0.439453125 0.2177734375 0.4794921875 0.1328125 0.4287109375 0.0546875 0.3525390625 0.056640625 0.326171875 0.0634765625 0.283203125 0.1474609375
4 0.603515625 0.3974609375 0.595703125 0.4091796875 0.57421875 0.4951171875 0.6435546875 0.572265625 0.7294921875 0.5546875 0.748046875 0.5458984375 0.7744140625 0.44921875 0.7119140625 0.375 0.6728515625 0.376953125 0.603515625 0.3974609375
4 0.966796875 0.1005859375 0.8857421875 0.0625 0.8603515625 0.060546875 0.783203125 0.1123046875 0.783203125 0.1826171875 0.79296875 0.2236328125 0.8740234375 0.263671875 0.8994140625 0.265625 0.9677734375 0.216796875 0.978515625 0.2041015625 0.9775390625 0.1875 0.966796875 0.1005859375
4 0.35546875 0.8994140625 0.4384765625 0.9765625 0.5439453125 0.94921875 0.5546875 0.9423828125 0.5791015625 0.830078125 0.4970703125 0.75390625 0.4248046875 0.76953125 0.37890625 0.7880859375 0.35546875 0.8994140625
4 0.6513671875 0.07421875 0.6337890625 0.080078125 0.5390625 0.1259765625 0.525390625 0.2412109375 0.6103515625 0.310546875 0.6298828125 0.314453125 0.6474609375 0.30859375 0.734375 0.2666015625 0.7490234375 0.1484375 0.6630859375 0.080078125 0.6513671875 0.07421875
4 0.021484375 0.1083984375 0.029296875 0.2373046875 0.1435546875 0.296875 0.2578125 0.2255859375 0.2568359375 0.1796875 0.25 0.0927734375 0.1357421875 0.033203125 0.0595703125 0.078125 0.021484375 0.1083984375
4 0.11328125 0.3642578125 0.119140625 0.5830078125 0.3134765625 0.69140625 0.509765625 0.5751953125 0.5087890625 0.4765625 0.50390625 0.3486328125 0.3134765625 0.244140625 0.2919921875 0.25 0.11328125 0.3642578125