5 0.87109375 0.5263671875 0.9033203125 0.544921875 0.9326171875 0.552734375 0.96875 0.5107421875 0.9697265625 0.501953125 0.9404296875 0.453125 0.8955078125 0.45703125 0.875 0.4658203125 0.87109375 0.5263671875
5 0.1455078125 0.330078125 0.0712890625 0.30078125 0.025390625 0.3583984375 0.0634765625 0.421875 0.1103515625 0.4140625 0.140625 0.4052734375 0.1455078125 0.330078125
5 0.861328125 0.0908203125 0.8935546875 0.138671875 0.9072265625 0.14453125 0.982421875 0.1201171875 0.9833984375 0.037109375 0.9091796875 0.01171875 0.896484375 0.0185546875 0.85546875 0.0712890625 0.861328125 0.0908203125
5 0.29296875 0.4208984375 0.298828125 0.4345703125 0.3583984375 0.490234375 0.4365234375 0.455078125 0.4404296875 0.4296875 0.43359375 0.3603515625 0.3564453125 0.341796875 0.333984375 0.3447265625 0.29296875 0.4208984375
5 0.1865234375 0.958984375 0.232421875 0.8974609375 0.2412109375 0.873046875 0.1845703125 0.80078125 0.0966796875 0.828125 0.091796875 0.8330078125 0.09375 0.9306640625 0.1865234375 0.958984375
5 0.9501953125 0.66015625 0.8818359375 0.58984375 0.8544921875 0.59765625 0.78515625 0.6357421875 0.798828125 0.7353515625 0.9033203125 0.75390625 0.9501953125 0.66015625
5 0.9326171875 0.974609375 0.96484375 0.8759765625 0.9658203125 0.85546875 0.8720703125 0.79296875 0.8154296875 0.830078125 0.77734375 0.8623046875 0.8125 0.9736328125 0.9326171875 0.974609375
5 0.2373046875 0.28125 0.3681640625 0.185546875 0.3720703125 0.16796875 0.3173828125 0.01171875 0.1669921875 0.01171875 0.142578125 0.0166015625 0.091796875 0.1806640625 0.2373046875 0.28125
5 0.0390625 0.6923828125 0.2333984375 0.7578125 0.3359375 0.6220703125 0.3515625 0.5986328125 0.3505859375 0.58984375 0.2373046875 0.4296875 0.0517578125 0.484375 0.041015625 0.4912109375 0.0390625 0.6923828125
5 0.7236328125 0.478515625 0.8671875 0.2802734375 0.8720703125 0.263671875 0.72265625 0.0576171875 0.6767578125 0.068359375 0.47265625 0.1416015625 0.47265625 0.3974609375 0.7236328125 0.478515625
5 0.478515625 0.4853515625 0.3515625 0.7236328125 0.5439453125 0.92578125 0.7919921875 0.8046875 0.7919921875 0.783203125 0.755859375 0.5341796875 0.7431640625 0.525390625 0.4970703125 0.482421875 0.478515625 0.4853515625
5 0.3798828125 0.91796875 0.36328125 0.8896484375 0.3525390625 0.88671875 0.3203125 0.8974609375 0.318359375 0.9345703125 0.3544921875 0.951171875 0.3798828125 0.91796875