5 0.44921875 0.9208984375 0.44921875 0.9326171875 0.4931640625 0.96875 0.5302734375 0.951171875 0.5478515625 0.93359375 0.5390625 0.8837890625 0.5322265625 0.875 0.4716796875 0.873046875 0.44921875 0.9208984375
5 0.580078125 0.0908203125 0.58984375 0.0966796875 0.59375 0.1396484375 0.6728515625 0.14453125 0.6982421875 0.072265625 0.6435546875 0.025390625 0.5986328125 0.048828125 0.576171875 0.0673828125 0.580078125 0.0908203125
5 0.8837890625 0.982421875 0.9619140625 0.982421875 0.9873046875 0.904296875 0.9365234375 0.861328125 0.9189453125 0.857421875 0.857421875 0.9052734375 0.876953125 0.9755859375 0.8837890625 0.982421875
5 0.51171875 0.3623046875 0.5517578125 0.44140625 0.6376953125 0.43359375 0.654296875 0.3818359375 0.6572265625 0.33984375 0.5927734375 0.298828125 0.5771484375 0.294921875 0.515625 0.3505859375 0.51171875 0.3623046875
5 0.0888671875 0.09375 0.076171875 0.0966796875 0.0751953125 0.109375 0.06640625 0.1083984375 0.044921875 0.1884765625 0.1142578125 0.23828125 0.1259765625 0.240234375 0.1923828125 0.1875 0.1962890625 0.177734375 0.1650390625 0.09375 0.0888671875 0.09375
5 0.24609375 0.8974609375 0.2529296875 0.908203125 0.3408203125 0.94921875 0.40625 0.8876953125 0.4091796875 0.875 0.369140625 0.7900390625 0.3525390625 0.78515625 0.263671875 0.8037109375 0.24609375 0.8974609375
5 0.02734375 0.9306640625 0.0341796875 0.939453125 0.1435546875 0.96875 0.203125 0.8837890625 0.2080078125 0.8671875 0.1396484375 0.779296875 0.0654296875 0.798828125 0.025390625 0.8154296875 0.02734375 0.9306640625
5 0.814453125 0.0966796875 0.720703125 0.2294921875 0.724609375 0.2451171875 0.8232421875 0.373046875 0.9833984375 0.3203125 0.98828125 0.3134765625 0.9873046875 0.25 0.986328125 0.1474609375 0.8310546875 0.09375 0.814453125 0.0966796875
5 0.30078125 0.0537109375 0.2421875 0.2314453125 0.3857421875 0.341796875 0.4072265625 0.3515625 0.5576171875 0.248046875 0.5703125 0.2353515625 0.5693359375 0.2265625 0.5087890625 0.041015625 0.3115234375 0.0390625 0.30078125 0.0537109375
5 0.521484375 0.7216796875 0.7099609375 0.859375 0.7373046875 0.87109375 0.9345703125 0.728515625 0.9423828125 0.71484375 0.8583984375 0.47265625 0.6044921875 0.47265625 0.59765625 0.4794921875 0.521484375 0.7216796875
5 0.076171875 0.5517578125 0.1962890625 0.791015625 0.4501953125 0.7578125 0.47265625 0.7490234375 0.5166015625 0.482421875 0.2763671875 0.353515625 0.0888671875 0.529296875 0.076171875 0.5419921875 0.076171875 0.5517578125
5 0.0791015625 0.3828125 0.1142578125 0.36328125 0.1142578125 0.35546875 0.1025390625 0.318359375 0.0634765625 0.318359375 0.048828125 0.3486328125 0.048828125 0.3583984375 0.0791015625 0.3828125