5 0.9208984375 0.55078125 0.9326171875 0.55078125 0.96875 0.5068359375 0.951171875 0.4697265625 0.93359375 0.4521484375 0.8837890625 0.4609375 0.875 0.4677734375 0.873046875 0.5283203125 0.9208984375 0.55078125
5 0.0908203125 0.419921875 0.0966796875 0.41015625 0.1396484375 0.40625 0.14453125 0.3271484375 0.072265625 0.3017578125 0.025390625 0.3564453125 0.048828125 0.4013671875 0.0673828125 0.423828125 0.0908203125 0.419921875
5 0.982421875 0.1162109375 0.982421875 0.0380859375 0.904296875 0.0126953125 0.861328125 0.0634765625 0.857421875 0.0810546875 0.9052734375 0.142578125 0.9755859375 0.123046875 0.982421875 0.1162109375
5 0.3623046875 0.48828125 0.44140625 0.4482421875 0.43359375 0.3623046875 0.3818359375 0.345703125 0.33984375 0.3427734375 0.298828125 0.4072265625 0.294921875 0.4228515625 0.3505859375 0.484375 0.3623046875 0.48828125
5 0.09375 0.9111328125 0.0966796875 0.923828125 0.109375 0.9248046875 0.1083984375 0.93359375 0.1884765625 0.955078125 0.23828125 0.8857421875 0.240234375 0.8740234375 0.1875 0.8076171875 0.177734375 0.8037109375 0.09375 0.8349609375 0.09375 0.9111328125
5 0.8974609375 0.75390625 0.908203125 0.7470703125 0.94921875 0.6591796875 0.8876953125 0.59375 0.875 0.5908203125 0.7900390625 0.630859375 0.78515625 0.6474609375 0.8037109375 0.736328125 0.8974609375 0.75390625
5 0.9306640625 0.97265625 0.939453125 0.9658203125 0.96875 0.8564453125 0.8837890625 0.796875 0.8671875 0.7919921875 0.779296875 0.8603515625 0.798828125 0.9345703125 0.8154296875 0.974609375 0.9306640625 0.97265625
5 0.0966796875 0.185546875 0.2294921875 0.279296875 0.2451171875 0.275390625 0.373046875 0.1767578125 0.3203125 0.0166015625 0.3134765625 0.01171875 0.25 0.0126953125 0.1474609375 0.013671875 0.09375 0.1689453125 0.0966796875 0.185546875
5 0.0537109375 0.69921875 0.2314453125 0.7578125 0.341796875 0.6142578125 0.3515625 0.5927734375 0.248046875 0.4423828125 0.2353515625 0.4296875 0.2265625 0.4306640625 0.041015625 0.4912109375 0.0390625 0.6884765625 0.0537109375 0.69921875
5 0.7216796875 0.478515625 0.859375 0.2900390625 0.87109375 0.2626953125 0.728515625 0.0654296875 0.71484375 0.0576171875 0.47265625 0.1416015625 0.47265625 0.3955078125 0.4794921875 0.40234375 0.7216796875 0.478515625
5 0.5517578125 0.923828125 0.791015625 0.8037109375 0.7578125 0.5498046875 0.7490234375 0.52734375 0.482421875 0.4833984375 0.353515625 0.7236328125 0.529296875 0.9111328125 0.5419921875 0.923828125 0.5517578125 0.923828125
5 0.3828125 0.9208984375 0.36328125 0.8857421875 0.35546875 0.8857421875 0.318359375 0.8974609375 0.318359375 0.9365234375 0.3486328125 0.951171875 0.3583984375 0.951171875 0.3828125 0.9208984375