5 0.447265625 0.9326171875 0.4892578125 0.96875 0.498046875 0.9697265625 0.546875 0.9404296875 0.54296875 0.8955078125 0.5341796875 0.875 0.4736328125 0.87109375 0.455078125 0.9033203125 0.447265625 0.9326171875
5 0.669921875 0.1455078125 0.69921875 0.0712890625 0.6416015625 0.025390625 0.578125 0.0634765625 0.5859375 0.1103515625 0.5947265625 0.140625 0.669921875 0.1455078125
5 0.85546875 0.9072265625 0.8798828125 0.982421875 0.962890625 0.9833984375 0.98828125 0.9091796875 0.9814453125 0.896484375 0.9287109375 0.85546875 0.9091796875 0.861328125 0.861328125 0.8935546875 0.85546875 0.9072265625
5 0.509765625 0.3583984375 0.544921875 0.4365234375 0.5703125 0.4404296875 0.6396484375 0.43359375 0.658203125 0.3564453125 0.6552734375 0.333984375 0.5791015625 0.29296875 0.5654296875 0.298828125 0.509765625 0.3583984375
5 0.1025390625 0.232421875 0.126953125 0.2412109375 0.19921875 0.1845703125 0.171875 0.0966796875 0.1669921875 0.091796875 0.0693359375 0.09375 0.041015625 0.1865234375 0.1025390625 0.232421875
5 0.33984375 0.9501953125 0.41015625 0.8818359375 0.40234375 0.8544921875 0.3642578125 0.78515625 0.2646484375 0.798828125 0.24609375 0.9033203125 0.33984375 0.9501953125
5 0.1240234375 0.96484375 0.14453125 0.9658203125 0.20703125 0.8720703125 0.169921875 0.8154296875 0.1376953125 0.77734375 0.0263671875 0.8125 0.025390625 0.9326171875 0.1240234375 0.96484375
5 0.814453125 0.3681640625 0.83203125 0.3720703125 0.98828125 0.3173828125 0.98828125 0.1669921875 0.9833984375 0.142578125 0.8193359375 0.091796875 0.71875 0.2373046875 0.814453125 0.3681640625
5 0.3779296875 0.3359375 0.4013671875 0.3515625 0.41015625 0.3505859375 0.5703125 0.2373046875 0.515625 0.0517578125 0.5087890625 0.041015625 0.3076171875 0.0390625 0.2421875 0.2333984375 0.3779296875 0.3359375
5 0.7197265625 0.8671875 0.736328125 0.8720703125 0.9423828125 0.72265625 0.931640625 0.6767578125 0.8583984375 0.47265625 0.6025390625 0.47265625 0.521484375 0.7236328125 0.7197265625 0.8671875
5 0.07421875 0.5439453125 0.1953125 0.7919921875 0.216796875 0.7919921875 0.4658203125 0.755859375 0.474609375 0.7431640625 0.517578125 0.4970703125 0.5146484375 0.478515625 0.2763671875 0.3515625 0.07421875 0.5439453125
5 0.08203125 0.3798828125 0.1103515625 0.36328125 0.11328125 0.3525390625 0.1025390625 0.3203125 0.0654296875 0.318359375 0.048828125 0.3544921875 0.08203125 0.3798828125