5 0.03125 0.4931640625 0.048828125 0.5302734375 0.06640625 0.5478515625 0.1162109375 0.5390625 0.125 0.5322265625 0.126953125 0.4716796875 0.0791015625 0.44921875 0.0673828125 0.44921875 0.03125 0.4931640625
5 0.8603515625 0.59375 0.85546875 0.6728515625 0.927734375 0.6982421875 0.974609375 0.6435546875 0.951171875 0.5986328125 0.9326171875 0.576171875 0.9091796875 0.580078125 0.9033203125 0.58984375 0.8603515625 0.59375
5 0.017578125 0.9619140625 0.095703125 0.9873046875 0.138671875 0.9365234375 0.142578125 0.9189453125 0.0947265625 0.857421875 0.0244140625 0.876953125 0.017578125 0.8837890625 0.017578125 0.9619140625
5 0.56640625 0.6376953125 0.6181640625 0.654296875 0.66015625 0.6572265625 0.701171875 0.5927734375 0.705078125 0.5771484375 0.6494140625 0.515625 0.6376953125 0.51171875 0.55859375 0.5517578125 0.56640625 0.6376953125
5 0.8115234375 0.044921875 0.76171875 0.1142578125 0.759765625 0.1259765625 0.8125 0.1923828125 0.822265625 0.1962890625 0.90625 0.1650390625 0.90625 0.0888671875 0.9033203125 0.076171875 0.890625 0.0751953125 0.8916015625 0.06640625 0.8115234375 0.044921875
5 0.05078125 0.3408203125 0.1123046875 0.40625 0.125 0.4091796875 0.2099609375 0.369140625 0.21484375 0.3525390625 0.1962890625 0.263671875 0.1025390625 0.24609375 0.091796875 0.2529296875 0.05078125 0.3408203125
5 0.03125 0.1435546875 0.1162109375 0.203125 0.1328125 0.2080078125 0.220703125 0.1396484375 0.201171875 0.0654296875 0.1845703125 0.025390625 0.0693359375 0.02734375 0.060546875 0.0341796875 0.03125 0.1435546875
5 0.626953125 0.8232421875 0.6796875 0.9833984375 0.6865234375 0.98828125 0.75 0.9873046875 0.8525390625 0.986328125 0.90625 0.8310546875 0.9033203125 0.814453125 0.7705078125 0.720703125 0.7548828125 0.724609375 0.626953125 0.8232421875
5 0.6484375 0.4072265625 0.751953125 0.5576171875 0.7646484375 0.5703125 0.7734375 0.5693359375 0.958984375 0.5087890625 0.9609375 0.3115234375 0.9462890625 0.30078125 0.7685546875 0.2421875 0.658203125 0.3857421875 0.6484375 0.4072265625
5 0.12890625 0.7373046875 0.271484375 0.9345703125 0.28515625 0.9423828125 0.52734375 0.8583984375 0.52734375 0.6044921875 0.5205078125 0.59765625 0.2783203125 0.521484375 0.140625 0.7099609375 0.12890625 0.7373046875
5 0.2421875 0.4501953125 0.2509765625 0.47265625 0.517578125 0.5166015625 0.646484375 0.2763671875 0.470703125 0.0888671875 0.4580078125 0.076171875 0.4482421875 0.076171875 0.208984375 0.1962890625 0.2421875 0.4501953125
5 0.63671875 0.1142578125 0.64453125 0.1142578125 0.681640625 0.1025390625 0.681640625 0.0634765625 0.6513671875 0.048828125 0.6416015625 0.048828125 0.6171875 0.0791015625 0.63671875 0.1142578125