0 0.0859375 0.2822265625 0.1005859375 0.302734375 0.12890625 0.3056640625 0.1484375 0.2900390625 0.15234375 0.2607421875 0.1435546875 0.24609375 0.1162109375 0.236328125 0.08984375 0.2548828125 0.0859375 0.2822265625
0 0.521484375 0.0966796875 0.51953125 0.1220703125 0.5400390625 0.150390625 0.578125 0.1552734375 0.60546875 0.1337890625 0.609375 0.1005859375 0.5908203125 0.076171875 0.5712890625 0.068359375 0.5498046875 0.0703125 0.521484375 0.0966796875
0 0.2333984375 0.0546875 0.2177734375 0.046875 0.1904296875 0.044921875 0.1650390625 0.0546875 0.1484375 0.0693359375 0.134765625 0.0947265625 0.1328125 0.1201171875 0.142578125 0.1474609375 0.1591796875 0.1640625 0.1806640625 0.173828125 0.20703125 0.1728515625 0.2255859375 0.166015625 0.248046875 0.1455078125 0.259765625 0.1162109375 0.259765625 0.0966796875 0.25 0.0712890625 0.2333984375 0.0546875
7 0.298828125 0.8603515625 0.3125 0.8759765625 0.30859375 0.8955078125 0.3232421875 0.890625 0.349609375 0.8955078125 0.345703125 0.8759765625 0.359375 0.8603515625 0.3427734375 0.85546875 0.3291015625 0.8359375 0.3154296875 0.85546875 0.298828125 0.8603515625
7 0.33203125 0.5947265625 0.349609375 0.6181640625 0.3486328125 0.642578125 0.3681640625 0.6328125 0.396484375 0.6416015625 0.39453125 0.6162109375 0.41015625 0.5947265625 0.3857421875 0.58984375 0.3740234375 0.56640625 0.3564453125 0.58984375 0.33203125 0.5947265625
7 0.1005859375 0.66015625 0.0830078125 0.6875 0.05078125 0.6962890625 0.072265625 0.7177734375 0.072265625 0.7509765625 0.0947265625 0.740234375 0.12890625 0.7490234375 0.125 0.7177734375 0.142578125 0.6943359375 0.1181640625 0.689453125 0.1005859375 0.66015625
8 0.6728515625 0.859375 0.69921875 0.9033203125 0.705078125 0.9033203125 0.7265625 0.8544921875 0.6728515625 0.859375
8 0.2177734375 0.634765625 0.224609375 0.7021484375 0.232421875 0.7060546875 0.28515625 0.6611328125 0.2177734375 0.634765625
8 0.4013671875 0.48046875 0.404296875 0.4736328125 0.3544921875 0.40625 0.31640625 0.4833984375 0.357421875 0.4833984375 0.4013671875 0.48046875
2 0.4892578125 0.5078125 0.458984375 0.5478515625 0.451171875 0.5810546875 0.4580078125 0.59375 0.47265625 0.5927734375 0.4951171875 0.578125 0.513671875 0.5537109375 0.52734375 0.5205078125 0.5205078125 0.498046875 0.5048828125 0.498046875 0.4892578125 0.5078125
2 0.673828125 0.1884765625 0.671875 0.2392578125 0.689453125 0.2763671875 0.712890625 0.2802734375 0.73046875 0.2529296875 0.73046875 0.2041015625 0.71875 0.1767578125 0.7041015625 0.1640625 0.6923828125 0.1640625 0.673828125 0.1884765625
2 0.5341796875 0.8125 0.51953125 0.8291015625 0.50390625 0.8759765625 0.51171875 0.9189453125 0.5224609375 0.931640625 0.5390625 0.9345703125 0.568359375 0.9111328125 0.58203125 0.8720703125 0.580078125 0.8310546875 0.57421875 0.8193359375 0.5556640625 0.806640625 0.5341796875 0.8125
4 0.3837890625 0.234375 0.423828125 0.2451171875 0.455078125 0.2177734375 0.44921875 0.1787109375 0.4052734375 0.162109375 0.373046875 0.1904296875 0.37890625 0.2255859375 0.3837890625 0.234375
4 0.13671875 0.4365234375 0.13671875 0.4736328125 0.1630859375 0.490234375 0.1708984375 0.486328125 0.16796875 0.4931640625 0.1796875 0.4970703125 0.2138671875 0.482421875 0.21875 0.4697265625 0.21875 0.4326171875 0.1826171875 0.408203125 0.1416015625 0.42578125 0.13671875 0.4365234375
4 0.734375 0.3486328125 0.7529296875 0.390625 0.806640625 0.3994140625 0.841796875 0.3583984375 0.841796875 0.3466796875 0.8212890625 0.302734375 0.7666015625 0.294921875 0.734375 0.3349609375 0.734375 0.3486328125
1 0.8876953125 0.40234375 0.87890625 0.4052734375 0.8740234375 0.423828125 0.853515625 0.4306640625 0.853515625 0.4384765625 0.8740234375 0.4453125 0.87890625 0.4638671875 0.890625 0.4677734375 0.8984375 0.4482421875 0.9169921875 0.443359375 0.921875 0.4326171875 0.8994140625 0.423828125 0.896484375 0.4072265625 0.8876953125 0.40234375
1 0.767578125 0.7177734375 0.7568359375 0.716796875 0.751953125 0.7431640625 0.7275390625 0.74609375 0.72265625 0.7568359375 0.7314453125 0.763671875 0.7490234375 0.763671875 0.75390625 0.7900390625 0.767578125 0.7919921875 0.771484375 0.7685546875 0.7978515625 0.76171875 0.80078125 0.7529296875 0.7919921875 0.744140625 0.7744140625 0.744140625 0.767578125 0.7177734375
1 0.1201171875 0.5625 0.11328125 0.5361328125 0.1025390625 0.53125 0.091796875 0.5380859375 0.087890625 0.5595703125 0.0654296875 0.564453125 0.05859375 0.5791015625 0.0673828125 0.58984375 0.0869140625 0.591796875 0.09375 0.6181640625 0.107421875 0.6201171875 0.1171875 0.6083984375 0.1171875 0.5947265625 0.1416015625 0.587890625 0.146484375 0.5712890625 0.1357421875 0.5625 0.1201171875 0.5625
6 0.849609375 0.6455078125 0.845703125 0.6025390625 0.8017578125 0.603515625 0.802734375 0.6494140625 0.828125 0.6494140625 0.849609375 0.6455078125
6 0.4765625 0.7314453125 0.5078125 0.7041015625 0.4814453125 0.669921875 0.4736328125 0.669921875 0.443359375 0.6962890625 0.46875 0.7314453125 0.4765625 0.7314453125
6 0.1435546875 0.841796875 0.087890625 0.8916015625 0.140625 0.9443359375 0.19140625 0.8955078125 0.1435546875 0.841796875
5 0.470703125 0.3701171875 0.4921875 0.4169921875 0.5 0.4189453125 0.5458984375 0.412109375 0.552734375 0.3876953125 0.5546875 0.3583984375 0.5126953125 0.333984375 0.5048828125 0.333984375 0.470703125 0.3701171875
5 0.7265625 0.5712890625 0.751953125 0.5673828125 0.76953125 0.5087890625 0.7138671875 0.474609375 0.66796875 0.5146484375 0.6884765625 0.5703125 0.7265625 0.5712890625
5 0.8603515625 0.892578125 0.9296875 0.8935546875 0.951171875 0.8310546875 0.9111328125 0.798828125 0.8974609375 0.791015625 0.8876953125 0.79296875 0.837890625 0.8291015625 0.8603515625 0.892578125
3 0.859375 0.1298828125 0.8876953125 0.154296875 0.896484375 0.1533203125 0.9208984375 0.146484375 0.9375 0.1123046875 0.9189453125 0.080078125 0.8837890625 0.076171875 0.859375 0.0966796875 0.859375 0.1298828125
3 0.23046875 0.3134765625 0.23046875 0.3642578125 0.27734375 0.3974609375 0.3251953125 0.384765625 0.34375 0.3466796875 0.345703125 0.3310546875 0.3212890625 0.287109375 0.2705078125 0.279296875 0.23046875 0.3134765625
3 0.572265625 0.6767578125 0.5908203125 0.689453125 0.6328125 0.6962890625 0.67578125 0.6650390625 0.6796875 0.6123046875 0.6357421875 0.57421875 0.5830078125 0.58203125 0.5546875 0.6298828125 0.572265625 0.6767578125