0 0.7177734375 0.0859375 0.697265625 0.1005859375 0.6943359375 0.12890625 0.7099609375 0.1484375 0.7392578125 0.15234375 0.75390625 0.1435546875 0.763671875 0.1162109375 0.7451171875 0.08984375 0.7177734375 0.0859375
0 0.9296875 0.5498046875 0.9033203125 0.521484375 0.8779296875 0.51953125 0.849609375 0.5400390625 0.8447265625 0.578125 0.8662109375 0.60546875 0.8994140625 0.609375 0.923828125 0.5908203125 0.931640625 0.5712890625 0.9296875 0.5498046875
0 0.8359375 0.1591796875 0.826171875 0.1806640625 0.8271484375 0.20703125 0.833984375 0.2255859375 0.8544921875 0.248046875 0.8837890625 0.259765625 0.9033203125 0.259765625 0.9287109375 0.25 0.9453125 0.2333984375 0.953125 0.2177734375 0.955078125 0.1904296875 0.9453125 0.1650390625 0.9306640625 0.1484375 0.9052734375 0.134765625 0.8798828125 0.1328125 0.8525390625 0.142578125 0.8359375 0.1591796875
7 0.1640625 0.3291015625 0.14453125 0.3154296875 0.1396484375 0.298828125 0.1240234375 0.3125 0.1044921875 0.30859375 0.109375 0.3232421875 0.1044921875 0.349609375 0.1240234375 0.345703125 0.1396484375 0.359375 0.14453125 0.3427734375 0.1640625 0.3291015625
7 0.43359375 0.3740234375 0.41015625 0.3564453125 0.4052734375 0.33203125 0.3818359375 0.349609375 0.357421875 0.3486328125 0.3671875 0.3681640625 0.3583984375 0.396484375 0.3837890625 0.39453125 0.4052734375 0.41015625 0.41015625 0.3857421875 0.43359375 0.3740234375
7 0.3056640625 0.142578125 0.310546875 0.1181640625 0.33984375 0.1005859375 0.3125 0.0830078125 0.3037109375 0.05078125 0.2822265625 0.072265625 0.2490234375 0.072265625 0.259765625 0.0947265625 0.2509765625 0.12890625 0.2822265625 0.125 0.3056640625 0.142578125
8 0.140625 0.6728515625 0.0966796875 0.69921875 0.0966796875 0.705078125 0.1455078125 0.7265625 0.140625 0.6728515625
8 0.365234375 0.2177734375 0.2978515625 0.224609375 0.2939453125 0.232421875 0.3388671875 0.28515625 0.365234375 0.2177734375
8 0.5166015625 0.31640625 0.5166015625 0.357421875 0.51953125 0.4013671875 0.5263671875 0.404296875 0.59375 0.3544921875 0.5166015625 0.31640625
2 0.501953125 0.5205078125 0.501953125 0.5048828125 0.4921875 0.4892578125 0.4521484375 0.458984375 0.4189453125 0.451171875 0.40625 0.4580078125 0.4072265625 0.47265625 0.421875 0.4951171875 0.4462890625 0.513671875 0.4794921875 0.52734375 0.501953125 0.5205078125
2 0.8359375 0.6923828125 0.8115234375 0.673828125 0.7607421875 0.671875 0.7236328125 0.689453125 0.7197265625 0.712890625 0.7470703125 0.73046875 0.7958984375 0.73046875 0.8232421875 0.71875 0.8359375 0.7041015625 0.8359375 0.6923828125
2 0.1689453125 0.580078125 0.1806640625 0.57421875 0.193359375 0.5556640625 0.1875 0.5341796875 0.1708984375 0.51953125 0.1240234375 0.50390625 0.0810546875 0.51171875 0.068359375 0.5224609375 0.0654296875 0.5390625 0.0888671875 0.568359375 0.1279296875 0.58203125 0.1689453125 0.580078125
4 0.7548828125 0.423828125 0.7822265625 0.455078125 0.8212890625 0.44921875 0.837890625 0.4052734375 0.8095703125 0.373046875 0.7744140625 0.37890625 0.765625 0.3837890625 0.7548828125 0.423828125
4 0.5673828125 0.21875 0.591796875 0.1826171875 0.57421875 0.1416015625 0.5634765625 0.13671875 0.5263671875 0.13671875 0.509765625 0.1630859375 0.513671875 0.1708984375 0.5068359375 0.16796875 0.5029296875 0.1796875 0.517578125 0.2138671875 0.5302734375 0.21875 0.5673828125 0.21875
4 0.6513671875 0.734375 0.609375 0.7529296875 0.6005859375 0.806640625 0.6416015625 0.841796875 0.6533203125 0.841796875 0.697265625 0.8212890625 0.705078125 0.7666015625 0.6650390625 0.734375 0.6513671875 0.734375
1 0.5517578125 0.8984375 0.556640625 0.9169921875 0.5673828125 0.921875 0.576171875 0.8994140625 0.5927734375 0.896484375 0.59765625 0.8876953125 0.5947265625 0.87890625 0.576171875 0.8740234375 0.5693359375 0.853515625 0.5615234375 0.853515625 0.5546875 0.8740234375 0.5361328125 0.87890625 0.5322265625 0.890625 0.5517578125 0.8984375
1 0.2080078125 0.767578125 0.2314453125 0.771484375 0.23828125 0.7978515625 0.2470703125 0.80078125 0.255859375 0.7919921875 0.255859375 0.7744140625 0.2822265625 0.767578125 0.283203125 0.7568359375 0.2568359375 0.751953125 0.25390625 0.7275390625 0.2431640625 0.72265625 0.236328125 0.7314453125 0.236328125 0.7490234375 0.2099609375 0.75390625 0.2080078125 0.767578125
1 0.408203125 0.0869140625 0.3818359375 0.09375 0.3798828125 0.107421875 0.3916015625 0.1171875 0.4052734375 0.1171875 0.412109375 0.1416015625 0.4287109375 0.146484375 0.4375 0.1357421875 0.4375 0.1201171875 0.4638671875 0.11328125 0.46875 0.1025390625 0.4619140625 0.091796875 0.4404296875 0.087890625 0.435546875 0.0654296875 0.4208984375 0.05859375 0.41015625 0.0673828125 0.408203125 0.0869140625
6 0.3505859375 0.802734375 0.3505859375 0.828125 0.3544921875 0.849609375 0.3974609375 0.845703125 0.396484375 0.8017578125 0.3505859375 0.802734375
6 0.330078125 0.4814453125 0.330078125 0.4736328125 0.3037109375 0.443359375 0.2685546875 0.46875 0.2685546875 0.4765625 0.2958984375 0.5078125 0.330078125 0.4814453125
6 0.158203125 0.1435546875 0.1083984375 0.087890625 0.0556640625 0.140625 0.1044921875 0.19140625 0.158203125 0.1435546875
5 0.6298828125 0.470703125 0.5830078125 0.4921875 0.5810546875 0.5 0.587890625 0.5458984375 0.6123046875 0.552734375 0.6416015625 0.5546875 0.666015625 0.5126953125 0.666015625 0.5048828125 0.6298828125 0.470703125
5 0.4912109375 0.76953125 0.525390625 0.7138671875 0.4853515625 0.66796875 0.4296875 0.6884765625 0.4287109375 0.7265625 0.4326171875 0.751953125 0.4912109375 0.76953125
5 0.1064453125 0.9296875 0.1689453125 0.951171875 0.201171875 0.9111328125 0.208984375 0.8974609375 0.20703125 0.8876953125 0.1708984375 0.837890625 0.107421875 0.8603515625 0.1064453125 0.9296875
3 0.8701171875 0.859375 0.845703125 0.8876953125 0.8466796875 0.896484375 0.853515625 0.9208984375 0.8876953125 0.9375 0.919921875 0.9189453125 0.923828125 0.8837890625 0.9033203125 0.859375 0.8701171875 0.859375
3 0.6865234375 0.23046875 0.6357421875 0.23046875 0.6025390625 0.27734375 0.615234375 0.3251953125 0.6533203125 0.34375 0.6689453125 0.345703125 0.712890625 0.3212890625 0.720703125 0.2705078125 0.6865234375 0.23046875
3 0.3232421875 0.572265625 0.310546875 0.5908203125 0.3037109375 0.6328125 0.3349609375 0.67578125 0.3876953125 0.6796875 0.42578125 0.6357421875 0.41796875 0.5830078125 0.3701171875 0.5546875 0.3232421875 0.572265625