6 0.4814453125 0.919921875 0.5595703125 0.91796875 0.560546875 0.8212890625 0.46484375 0.8212890625 0.462890625 0.9150390625 0.4814453125 0.919921875
6 0.9765625 0.7783203125 0.95703125 0.6728515625 0.9453125 0.6689453125 0.8466796875 0.6875 0.841796875 0.6923828125 0.861328125 0.7958984375 0.8662109375 0.802734375 0.9765625 0.7783203125
6 0.787109375 0.8251953125 0.767578125 0.8681640625 0.744140625 0.9404296875 0.8583984375 0.982421875 0.90234375 0.8681640625 0.8095703125 0.830078125 0.787109375 0.8251953125
6 0.6875 0.7060546875 0.615234375 0.8076171875 0.7197265625 0.880859375 0.787109375 0.7900390625 0.791015625 0.7783203125 0.7001953125 0.708984375 0.6875 0.7060546875
6 0.453125 0.7314453125 0.5927734375 0.734375 0.59375 0.5966796875 0.45703125 0.5947265625 0.453125 0.5986328125 0.453125 0.7314453125
6 0.28515625 0.5302734375 0.24609375 0.6669921875 0.3564453125 0.701171875 0.3857421875 0.705078125 0.423828125 0.5693359375 0.3095703125 0.533203125 0.28515625 0.5302734375
6 0.3662109375 0.29296875 0.462890625 0.1806640625 0.3583984375 0.08984375 0.34765625 0.0869140625 0.255859375 0.1962890625 0.3662109375 0.29296875
6 0.70703125 0.4521484375 0.626953125 0.5732421875 0.625 0.5888671875 0.7587890625 0.671875 0.84375 0.5361328125 0.7177734375 0.453125 0.70703125 0.4521484375
6 0.525390625 0.2548828125 0.3642578125 0.353515625 0.353515625 0.3642578125 0.4638671875 0.5390625 0.638671875 0.4287109375 0.5390625 0.2666015625 0.525390625 0.2548828125
6 0.10546875 0.2431640625 0.037109375 0.2470703125 0.0390625 0.4638671875 0.2587890625 0.466796875 0.259765625 0.2470703125 0.2333984375 0.2421875 0.10546875 0.2431640625
6 0.7841796875 0.35546875 0.94140625 0.1962890625 0.7939453125 0.046875 0.779296875 0.0439453125 0.626953125 0.1982421875 0.7841796875 0.35546875
6 0.1787109375 0.982421875 0.3359375 0.8251953125 0.1826171875 0.66796875 0.17578125 0.6669921875 0.01953125 0.8251953125 0.1787109375 0.982421875