6 0.5341796875 0.8203125 0.4404296875 0.8203125 0.439453125 0.9169921875 0.5341796875 0.91796875 0.5380859375 0.859375 0.5341796875 0.8203125
6 0.1533203125 0.689453125 0.0478515625 0.669921875 0.025390625 0.7783203125 0.1337890625 0.80078125 0.138671875 0.7939453125 0.1552734375 0.703125 0.1533203125 0.689453125
6 0.248046875 0.9091796875 0.2138671875 0.826171875 0.09765625 0.8681640625 0.1416015625 0.982421875 0.2548828125 0.939453125 0.248046875 0.9091796875
6 0.373046875 0.7880859375 0.3095703125 0.705078125 0.208984375 0.7783203125 0.220703125 0.8017578125 0.2822265625 0.880859375 0.3818359375 0.80859375 0.373046875 0.7880859375
6 0.546875 0.6005859375 0.5419921875 0.59375 0.40625 0.5966796875 0.4072265625 0.734375 0.5439453125 0.734375 0.5458984375 0.72265625 0.546875 0.6005859375
6 0.748046875 0.6357421875 0.7138671875 0.529296875 0.5810546875 0.564453125 0.576171875 0.5693359375 0.611328125 0.7001953125 0.6162109375 0.705078125 0.6376953125 0.703125 0.7529296875 0.66796875 0.748046875 0.6357421875
6 0.734375 0.1806640625 0.6513671875 0.0859375 0.6337890625 0.095703125 0.5390625 0.1787109375 0.546875 0.1943359375 0.6337890625 0.29296875 0.7431640625 0.19921875 0.734375 0.1806640625
6 0.373046875 0.5771484375 0.2919921875 0.453125 0.2822265625 0.455078125 0.158203125 0.5361328125 0.2412109375 0.669921875 0.3740234375 0.587890625 0.373046875 0.5771484375
6 0.64453125 0.3603515625 0.6318359375 0.3515625 0.4716796875 0.25390625 0.361328125 0.4287109375 0.5205078125 0.53125 0.5380859375 0.537109375 0.6455078125 0.3671875 0.64453125 0.3603515625
6 0.9599609375 0.244140625 0.7451171875 0.244140625 0.73828125 0.2509765625 0.73828125 0.4541015625 0.7431640625 0.466796875 0.9599609375 0.466796875 0.9619140625 0.462890625 0.9599609375 0.244140625
6 0.373046875 0.1943359375 0.2177734375 0.041015625 0.2099609375 0.04296875 0.05859375 0.1962890625 0.2158203125 0.35546875 0.3720703125 0.201171875 0.373046875 0.1943359375
6 0.8330078125 0.673828125 0.8193359375 0.66796875 0.669921875 0.8154296875 0.6640625 0.8271484375 0.8251953125 0.982421875 0.9814453125 0.82421875 0.8330078125 0.673828125