6 0.5146484375 0.919921875 0.537109375 0.9150390625 0.5341796875 0.8203125 0.439453125 0.8212890625 0.4404296875 0.91796875 0.5146484375 0.919921875
6 0.048828125 0.6689453125 0.0390625 0.6943359375 0.025390625 0.7783203125 0.1337890625 0.802734375 0.154296875 0.7177734375 0.15625 0.6904296875 0.048828125 0.6689453125
6 0.205078125 0.8271484375 0.09765625 0.8681640625 0.1416015625 0.984375 0.255859375 0.9404296875 0.21875 0.8330078125 0.2138671875 0.826171875 0.205078125 0.8271484375
6 0.322265625 0.7197265625 0.3115234375 0.70703125 0.306640625 0.7080078125 0.208984375 0.7783203125 0.21875 0.7978515625 0.2822265625 0.880859375 0.3828125 0.8076171875 0.322265625 0.7197265625
6 0.5439453125 0.734375 0.546875 0.5986328125 0.5419921875 0.59375 0.408203125 0.5947265625 0.40625 0.7333984375 0.5439453125 0.734375
6 0.6181640625 0.70703125 0.7451171875 0.671875 0.75390625 0.6650390625 0.716796875 0.5322265625 0.705078125 0.5302734375 0.5810546875 0.564453125 0.576171875 0.5693359375 0.609375 0.6923828125 0.6181640625 0.70703125
6 0.744140625 0.1962890625 0.662109375 0.0986328125 0.646484375 0.0888671875 0.5390625 0.1806640625 0.6318359375 0.291015625 0.6376953125 0.291015625 0.6708984375 0.263671875 0.744140625 0.1962890625
6 0.287109375 0.4541015625 0.158203125 0.5341796875 0.158203125 0.5419921875 0.2412109375 0.669921875 0.375 0.5849609375 0.294921875 0.4560546875 0.287109375 0.4541015625
6 0.5224609375 0.53125 0.5380859375 0.53515625 0.646484375 0.3642578125 0.470703125 0.2548828125 0.36328125 0.4287109375 0.5224609375 0.53125
6 0.740234375 0.4638671875 0.9599609375 0.466796875 0.962890625 0.2451171875 0.744140625 0.2431640625 0.73828125 0.2470703125 0.740234375 0.4638671875
6 0.2177734375 0.35546875 0.373046875 0.1962890625 0.2568359375 0.078125 0.21484375 0.0419921875 0.05859375 0.1982421875 0.2177734375 0.35546875
6 0.8203125 0.6669921875 0.6640625 0.8251953125 0.8251953125 0.982421875 0.9765625 0.8310546875 0.98046875 0.8212890625 0.8271484375 0.66796875 0.8203125 0.6669921875