6 0.537109375 0.1728515625 0.53515625 0.0830078125 0.4404296875 0.08203125 0.439453125 0.1767578125 0.533203125 0.1787109375 0.537109375 0.1728515625
6 0.15625 0.3095703125 0.1337890625 0.19921875 0.025390625 0.2216796875 0.044921875 0.3291015625 0.052734375 0.3310546875 0.15625 0.3095703125
6 0.21484375 0.1728515625 0.255859375 0.0634765625 0.2451171875 0.0546875 0.1416015625 0.017578125 0.09765625 0.1318359375 0.1923828125 0.169921875 0.21484375 0.1728515625
6 0.3828125 0.1923828125 0.2822265625 0.119140625 0.2265625 0.1904296875 0.208984375 0.2216796875 0.310546875 0.2939453125 0.3828125 0.1923828125
6 0.546875 0.3935546875 0.546875 0.2685546875 0.4072265625 0.265625 0.40625 0.4033203125 0.541015625 0.4052734375 0.546875 0.3935546875
6 0.578125 0.4326171875 0.6904296875 0.466796875 0.71484375 0.4697265625 0.75390625 0.3349609375 0.7431640625 0.328125 0.6181640625 0.29296875 0.611328125 0.3017578125 0.580078125 0.4111328125 0.578125 0.4326171875
6 0.6357421875 0.90625 0.65234375 0.9130859375 0.744140625 0.8076171875 0.744140625 0.8017578125 0.6337890625 0.70703125 0.546875 0.8056640625 0.5390625 0.8212890625 0.6357421875 0.90625
6 0.376953125 0.4130859375 0.2412109375 0.328125 0.15625 0.4638671875 0.2802734375 0.544921875 0.294921875 0.5478515625 0.376953125 0.4130859375
6 0.47265625 0.7451171875 0.64453125 0.6376953125 0.638671875 0.6201171875 0.5361328125 0.462890625 0.36328125 0.5712890625 0.4609375 0.7333984375 0.47265625 0.7451171875
6 0.958984375 0.7568359375 0.962890625 0.7548828125 0.9609375 0.5341796875 0.7412109375 0.533203125 0.73828125 0.7529296875 0.7451171875 0.7578125 0.958984375 0.7568359375
6 0.373046875 0.8017578125 0.2158203125 0.64453125 0.05859375 0.8037109375 0.2119140625 0.958984375 0.21875 0.9580078125 0.373046875 0.8017578125
6 0.8173828125 0.33203125 0.82421875 0.3330078125 0.98046875 0.1767578125 0.8251953125 0.017578125 0.7431640625 0.09375 0.666015625 0.1748046875 0.6875 0.2021484375 0.8173828125 0.33203125