6 0.8232421875 0.439453125 0.8212890625 0.533203125 0.8271484375 0.537109375 0.9169921875 0.53515625 0.91796875 0.4404296875 0.8232421875 0.439453125
6 0.6708984375 0.044921875 0.6689453125 0.052734375 0.6904296875 0.15625 0.80078125 0.1337890625 0.7783203125 0.025390625 0.6708984375 0.044921875
6 0.9453125 0.2451171875 0.982421875 0.1416015625 0.8681640625 0.09765625 0.830078125 0.1923828125 0.8271484375 0.21484375 0.9365234375 0.255859375 0.9453125 0.2451171875
6 0.7783203125 0.208984375 0.7060546875 0.310546875 0.8076171875 0.3828125 0.880859375 0.2822265625 0.8095703125 0.2265625 0.7783203125 0.208984375
6 0.5966796875 0.40625 0.5947265625 0.541015625 0.6064453125 0.546875 0.7314453125 0.546875 0.734375 0.4072265625 0.5966796875 0.40625
6 0.5673828125 0.578125 0.533203125 0.6904296875 0.5302734375 0.71484375 0.6650390625 0.75390625 0.671875 0.7431640625 0.70703125 0.6181640625 0.6982421875 0.611328125 0.5888671875 0.580078125 0.5673828125 0.578125
6 0.0869140625 0.65234375 0.1923828125 0.744140625 0.1982421875 0.744140625 0.29296875 0.6337890625 0.1943359375 0.546875 0.1787109375 0.5390625 0.09375 0.6357421875 0.0869140625 0.65234375
6 0.455078125 0.2802734375 0.4521484375 0.294921875 0.5869140625 0.376953125 0.671875 0.2412109375 0.5361328125 0.15625 0.455078125 0.2802734375
6 0.3798828125 0.638671875 0.537109375 0.5361328125 0.4287109375 0.36328125 0.2666015625 0.4609375 0.2548828125 0.47265625 0.3623046875 0.64453125 0.3798828125 0.638671875
6 0.4658203125 0.9609375 0.466796875 0.7412109375 0.2470703125 0.73828125 0.2421875 0.7451171875 0.2431640625 0.958984375 0.2451171875 0.962890625 0.4658203125 0.9609375
6 0.041015625 0.2119140625 0.0419921875 0.21875 0.1982421875 0.373046875 0.35546875 0.2158203125 0.1962890625 0.05859375 0.041015625 0.2119140625
6 0.6669921875 0.82421875 0.8232421875 0.98046875 0.982421875 0.8251953125 0.90625 0.7431640625 0.8251953125 0.666015625 0.7978515625 0.6875 0.66796875 0.8173828125 0.6669921875 0.82421875