6 0.8203125 0.4658203125 0.8212890625 0.560546875 0.91796875 0.5595703125 0.91796875 0.4658203125 0.90625 0.4638671875 0.8203125 0.4658203125
6 0.6875 0.8505859375 0.66796875 0.9521484375 0.6748046875 0.95703125 0.7783203125 0.9765625 0.802734375 0.8662109375 0.7978515625 0.861328125 0.6953125 0.8427734375 0.6875 0.8505859375
6 0.9091796875 0.751953125 0.826171875 0.7861328125 0.830078125 0.8076171875 0.8681640625 0.90234375 0.982421875 0.8583984375 0.951171875 0.7666015625 0.939453125 0.7451171875 0.9091796875 0.751953125
6 0.7841796875 0.626953125 0.7744140625 0.638671875 0.705078125 0.6884765625 0.708984375 0.7001953125 0.7783203125 0.79296875 0.880859375 0.7197265625 0.857421875 0.6787109375 0.80859375 0.6162109375 0.7841796875 0.626953125
6 0.5986328125 0.453125 0.59375 0.4580078125 0.5966796875 0.59375 0.734375 0.5927734375 0.732421875 0.4541015625 0.5986328125 0.453125
6 0.6376953125 0.251953125 0.529296875 0.2861328125 0.564453125 0.4189453125 0.5693359375 0.423828125 0.6982421875 0.388671875 0.70703125 0.3818359375 0.66796875 0.2470703125 0.6376953125 0.251953125
6 0.1806640625 0.265625 0.0859375 0.3486328125 0.095703125 0.3662109375 0.1787109375 0.4609375 0.1943359375 0.453125 0.29296875 0.3662109375 0.197265625 0.2568359375 0.1806640625 0.265625
6 0.5654296875 0.6328125 0.451171875 0.7080078125 0.5341796875 0.84375 0.5439453125 0.841796875 0.671875 0.7568359375 0.5859375 0.6240234375 0.5654296875 0.6328125
6 0.3623046875 0.353515625 0.3515625 0.3681640625 0.25390625 0.5283203125 0.4287109375 0.638671875 0.5390625 0.4619140625 0.3671875 0.3544921875 0.3623046875 0.353515625
6 0.244140625 0.0400390625 0.2421875 0.2470703125 0.2470703125 0.259765625 0.4580078125 0.26171875 0.466796875 0.2568359375 0.466796875 0.0419921875 0.458984375 0.0380859375 0.244140625 0.0400390625
6 0.1943359375 0.626953125 0.041015625 0.7822265625 0.041015625 0.7880859375 0.1962890625 0.94140625 0.35546875 0.7841796875 0.201171875 0.6279296875 0.1943359375 0.626953125
6 0.8212890625 0.01953125 0.666015625 0.1767578125 0.8251953125 0.3359375 0.982421875 0.1787109375 0.826171875 0.0205078125 0.8212890625 0.01953125