6 0.8291015625 0.5390625 0.904296875 0.5380859375 0.9169921875 0.537109375 0.919921875 0.5322265625 0.91796875 0.4404296875 0.8212890625 0.439453125 0.8203125 0.5341796875 0.8291015625 0.5390625
6 0.6953125 0.1572265625 0.7958984375 0.138671875 0.802734375 0.1337890625 0.7783203125 0.0234375 0.66796875 0.0478515625 0.6875 0.1494140625 0.6953125 0.1572265625
6 0.982421875 0.1416015625 0.8681640625 0.09765625 0.826171875 0.2138671875 0.9091796875 0.248046875 0.939453125 0.2548828125 0.982421875 0.1416015625
6 0.7841796875 0.37109375 0.80859375 0.3837890625 0.873046875 0.2978515625 0.880859375 0.2802734375 0.7783203125 0.20703125 0.708984375 0.2998046875 0.705078125 0.3115234375 0.7841796875 0.37109375
6 0.736328125 0.4990234375 0.734375 0.4072265625 0.5947265625 0.40625 0.59375 0.5439453125 0.732421875 0.5458984375 0.736328125 0.4990234375
6 0.6279296875 0.74609375 0.66796875 0.7529296875 0.70703125 0.6181640625 0.7001953125 0.611328125 0.5693359375 0.576171875 0.564453125 0.5810546875 0.529296875 0.7138671875 0.6279296875 0.74609375
6 0.1904296875 0.7421875 0.197265625 0.7431640625 0.29296875 0.6337890625 0.1845703125 0.5390625 0.1787109375 0.5390625 0.095703125 0.6337890625 0.0859375 0.6513671875 0.1904296875 0.7421875
6 0.451171875 0.2939453125 0.5732421875 0.373046875 0.58984375 0.3759765625 0.669921875 0.2509765625 0.671875 0.2412109375 0.5439453125 0.158203125 0.5341796875 0.15625 0.453125 0.2822265625 0.451171875 0.2939453125
6 0.3623046875 0.64453125 0.37109375 0.6435546875 0.537109375 0.5380859375 0.53125 0.5224609375 0.4287109375 0.36328125 0.255859375 0.4716796875 0.357421875 0.6396484375 0.3623046875 0.64453125
6 0.2451171875 0.740234375 0.244140625 0.9599609375 0.46484375 0.9619140625 0.466796875 0.7412109375 0.2451171875 0.740234375
6 0.19921875 0.3720703125 0.353515625 0.2158203125 0.1962890625 0.05859375 0.04296875 0.2099609375 0.041015625 0.2177734375 0.1943359375 0.373046875 0.19921875 0.3720703125
6 0.982421875 0.8232421875 0.8251953125 0.6640625 0.666015625 0.8232421875 0.8212890625 0.98046875 0.826171875 0.9794921875 0.982421875 0.8232421875