6 0.5341796875 0.8203125 0.439453125 0.8212890625 0.4404296875 0.91796875 0.5341796875 0.91796875 0.5361328125 0.90625 0.5341796875 0.8203125
6 0.1494140625 0.6875 0.0478515625 0.66796875 0.04296875 0.6748046875 0.0234375 0.7783203125 0.1337890625 0.802734375 0.138671875 0.7978515625 0.1572265625 0.6953125 0.1494140625 0.6875
6 0.248046875 0.9091796875 0.2138671875 0.826171875 0.1923828125 0.830078125 0.09765625 0.8681640625 0.1416015625 0.982421875 0.2333984375 0.951171875 0.2548828125 0.939453125 0.248046875 0.9091796875
6 0.373046875 0.7841796875 0.361328125 0.7744140625 0.3115234375 0.705078125 0.2998046875 0.708984375 0.20703125 0.7783203125 0.2802734375 0.880859375 0.3212890625 0.857421875 0.3837890625 0.80859375 0.373046875 0.7841796875
6 0.546875 0.5986328125 0.5419921875 0.59375 0.40625 0.5966796875 0.4072265625 0.734375 0.5458984375 0.732421875 0.546875 0.5986328125
6 0.748046875 0.6376953125 0.7138671875 0.529296875 0.5810546875 0.564453125 0.576171875 0.5693359375 0.611328125 0.6982421875 0.6181640625 0.70703125 0.7529296875 0.66796875 0.748046875 0.6376953125
6 0.734375 0.1806640625 0.6513671875 0.0859375 0.6337890625 0.095703125 0.5390625 0.1787109375 0.546875 0.1943359375 0.6337890625 0.29296875 0.7431640625 0.197265625 0.734375 0.1806640625
6 0.3671875 0.5654296875 0.2919921875 0.451171875 0.15625 0.5341796875 0.158203125 0.5439453125 0.2431640625 0.671875 0.3759765625 0.5859375 0.3671875 0.5654296875
6 0.646484375 0.3623046875 0.6318359375 0.3515625 0.4716796875 0.25390625 0.361328125 0.4287109375 0.5380859375 0.5390625 0.6455078125 0.3671875 0.646484375 0.3623046875
6 0.9599609375 0.244140625 0.7529296875 0.2421875 0.740234375 0.2470703125 0.73828125 0.4580078125 0.7431640625 0.466796875 0.9580078125 0.466796875 0.9619140625 0.458984375 0.9599609375 0.244140625
6 0.373046875 0.1943359375 0.2177734375 0.041015625 0.2119140625 0.041015625 0.05859375 0.1962890625 0.2158203125 0.35546875 0.3720703125 0.201171875 0.373046875 0.1943359375
6 0.98046875 0.8212890625 0.8232421875 0.666015625 0.6640625 0.8251953125 0.8212890625 0.982421875 0.9794921875 0.826171875 0.98046875 0.8212890625