6 0.5595703125 0.08203125 0.4853515625 0.080078125 0.462890625 0.0849609375 0.4658203125 0.1796875 0.560546875 0.1787109375 0.5595703125 0.08203125
6 0.951171875 0.3310546875 0.9609375 0.3056640625 0.974609375 0.2216796875 0.8662109375 0.197265625 0.845703125 0.2822265625 0.84375 0.3095703125 0.951171875 0.3310546875
6 0.794921875 0.1728515625 0.90234375 0.1318359375 0.8583984375 0.015625 0.744140625 0.0595703125 0.78125 0.1669921875 0.7861328125 0.173828125 0.794921875 0.1728515625
6 0.6884765625 0.29296875 0.693359375 0.2919921875 0.791015625 0.2216796875 0.78125 0.2021484375 0.7177734375 0.119140625 0.6171875 0.1923828125 0.677734375 0.2802734375 0.6884765625 0.29296875
6 0.59375 0.2666015625 0.4560546875 0.265625 0.453125 0.4013671875 0.4580078125 0.40625 0.591796875 0.4052734375 0.59375 0.2666015625
6 0.24609375 0.3349609375 0.283203125 0.4677734375 0.294921875 0.4697265625 0.4189453125 0.435546875 0.423828125 0.4306640625 0.390625 0.3076171875 0.3818359375 0.29296875 0.2548828125 0.328125 0.24609375 0.3349609375
6 0.337890625 0.9013671875 0.353515625 0.9111328125 0.4609375 0.8193359375 0.3681640625 0.708984375 0.3623046875 0.708984375 0.3291015625 0.736328125 0.255859375 0.8037109375 0.337890625 0.9013671875
6 0.712890625 0.5458984375 0.841796875 0.4658203125 0.841796875 0.4580078125 0.7587890625 0.330078125 0.625 0.4150390625 0.705078125 0.5439453125 0.712890625 0.5458984375
6 0.63671875 0.5712890625 0.4775390625 0.46875 0.4619140625 0.46484375 0.353515625 0.6357421875 0.529296875 0.7451171875 0.63671875 0.5712890625
6 0.26171875 0.7529296875 0.259765625 0.5361328125 0.0400390625 0.533203125 0.037109375 0.7548828125 0.255859375 0.7568359375 0.26171875 0.7529296875
6 0.94140625 0.8017578125 0.7822265625 0.64453125 0.626953125 0.8037109375 0.7431640625 0.921875 0.78515625 0.9580078125 0.94140625 0.8017578125
6 0.1796875 0.3330078125 0.3359375 0.1748046875 0.1748046875 0.017578125 0.0234375 0.1689453125 0.01953125 0.1787109375 0.1728515625 0.33203125 0.1796875 0.3330078125