6 0.537109375 0.0849609375 0.5185546875 0.080078125 0.4404296875 0.08203125 0.439453125 0.1787109375 0.53515625 0.1787109375 0.537109375 0.0849609375
6 0.04296875 0.3271484375 0.0546875 0.3310546875 0.1533203125 0.3125 0.158203125 0.3076171875 0.138671875 0.2041015625 0.1337890625 0.197265625 0.0234375 0.2216796875 0.04296875 0.3271484375
6 0.212890625 0.1748046875 0.232421875 0.1318359375 0.255859375 0.0595703125 0.1416015625 0.017578125 0.09765625 0.1318359375 0.1904296875 0.169921875 0.212890625 0.1748046875
6 0.3125 0.2939453125 0.384765625 0.1923828125 0.2802734375 0.119140625 0.212890625 0.2099609375 0.208984375 0.2216796875 0.2998046875 0.291015625 0.3125 0.2939453125
6 0.546875 0.4013671875 0.546875 0.2685546875 0.4072265625 0.265625 0.40625 0.4033203125 0.54296875 0.4052734375 0.546875 0.4013671875
6 0.71484375 0.4697265625 0.75390625 0.3330078125 0.6435546875 0.298828125 0.6142578125 0.294921875 0.576171875 0.4306640625 0.6904296875 0.466796875 0.71484375 0.4697265625
6 0.744140625 0.8037109375 0.6337890625 0.70703125 0.537109375 0.8193359375 0.6416015625 0.91015625 0.65234375 0.9130859375 0.744140625 0.8037109375
6 0.29296875 0.5478515625 0.373046875 0.4267578125 0.375 0.4111328125 0.2412109375 0.328125 0.15625 0.4638671875 0.2822265625 0.546875 0.29296875 0.5478515625
6 0.474609375 0.7451171875 0.6357421875 0.646484375 0.646484375 0.6357421875 0.5361328125 0.4609375 0.361328125 0.5712890625 0.4609375 0.7333984375 0.474609375 0.7451171875
6 0.89453125 0.7568359375 0.962890625 0.7529296875 0.9609375 0.5361328125 0.7412109375 0.533203125 0.740234375 0.7529296875 0.7666015625 0.7578125 0.89453125 0.7568359375
6 0.373046875 0.8017578125 0.2158203125 0.64453125 0.05859375 0.8037109375 0.2060546875 0.953125 0.220703125 0.9560546875 0.373046875 0.8017578125
6 0.98046875 0.1748046875 0.8212890625 0.017578125 0.6640625 0.1748046875 0.8173828125 0.33203125 0.82421875 0.3330078125 0.98046875 0.1748046875