6 0.439453125 0.8212890625 0.4404296875 0.91796875 0.5185546875 0.919921875 0.537109375 0.9150390625 0.53515625 0.8212890625 0.439453125 0.8212890625
6 0.04296875 0.6728515625 0.0234375 0.7783203125 0.1337890625 0.802734375 0.138671875 0.7958984375 0.158203125 0.6923828125 0.1533203125 0.6875 0.0546875 0.6689453125 0.04296875 0.6728515625
6 0.1904296875 0.830078125 0.09765625 0.8681640625 0.1416015625 0.982421875 0.255859375 0.9404296875 0.232421875 0.8681640625 0.212890625 0.8251953125 0.1904296875 0.830078125
6 0.2998046875 0.708984375 0.208984375 0.7783203125 0.212890625 0.7900390625 0.2802734375 0.880859375 0.384765625 0.8076171875 0.3125 0.7060546875 0.2998046875 0.708984375
6 0.40625 0.5966796875 0.4072265625 0.734375 0.546875 0.7314453125 0.546875 0.5986328125 0.54296875 0.5947265625 0.40625 0.5966796875
6 0.6904296875 0.533203125 0.576171875 0.5693359375 0.6142578125 0.705078125 0.6435546875 0.701171875 0.75390625 0.6669921875 0.71484375 0.5302734375 0.6904296875 0.533203125
6 0.6416015625 0.08984375 0.537109375 0.1806640625 0.6337890625 0.29296875 0.744140625 0.1962890625 0.65234375 0.0869140625 0.6416015625 0.08984375
6 0.2822265625 0.453125 0.15625 0.5361328125 0.2412109375 0.671875 0.375 0.5888671875 0.373046875 0.5732421875 0.29296875 0.4521484375 0.2822265625 0.453125
6 0.4609375 0.2666015625 0.361328125 0.4287109375 0.5361328125 0.5390625 0.646484375 0.3642578125 0.6357421875 0.353515625 0.474609375 0.2548828125 0.4609375 0.2666015625
6 0.7666015625 0.2421875 0.740234375 0.2470703125 0.7412109375 0.466796875 0.9609375 0.4638671875 0.962890625 0.2470703125 0.89453125 0.2431640625 0.7666015625 0.2421875
6 0.2060546875 0.046875 0.05859375 0.1962890625 0.2158203125 0.35546875 0.373046875 0.1982421875 0.220703125 0.0439453125 0.2060546875 0.046875
6 0.8173828125 0.66796875 0.6640625 0.8251953125 0.8212890625 0.982421875 0.98046875 0.8251953125 0.82421875 0.6669921875 0.8173828125 0.66796875