6 0.4609375 0.1708984375 0.4658203125 0.1796875 0.560546875 0.1787109375 0.5595703125 0.08203125 0.4677734375 0.080078125 0.462890625 0.0830078125 0.4619140625 0.095703125 0.4609375 0.1708984375
6 0.8505859375 0.3125 0.9521484375 0.33203125 0.9765625 0.2216796875 0.8662109375 0.197265625 0.861328125 0.2041015625 0.8427734375 0.3046875 0.8505859375 0.3125
6 0.751953125 0.0908203125 0.7861328125 0.173828125 0.90234375 0.1318359375 0.8583984375 0.017578125 0.7451171875 0.060546875 0.751953125 0.0908203125
6 0.62890625 0.2158203125 0.6884765625 0.294921875 0.7001953125 0.291015625 0.79296875 0.2216796875 0.7197265625 0.119140625 0.7021484375 0.126953125 0.6162109375 0.19140625 0.62890625 0.2158203125
6 0.4560546875 0.40625 0.59375 0.4052734375 0.5927734375 0.265625 0.5009765625 0.263671875 0.4541015625 0.267578125 0.4560546875 0.40625
6 0.25390625 0.3720703125 0.2861328125 0.470703125 0.4189453125 0.435546875 0.423828125 0.4306640625 0.388671875 0.2998046875 0.3818359375 0.29296875 0.2470703125 0.33203125 0.25390625 0.3720703125
6 0.2578125 0.8095703125 0.3486328125 0.9140625 0.3662109375 0.904296875 0.4609375 0.8212890625 0.4609375 0.8154296875 0.3662109375 0.70703125 0.2568359375 0.802734375 0.2578125 0.8095703125
6 0.626953125 0.4267578125 0.7060546875 0.548828125 0.7177734375 0.546875 0.84375 0.4658203125 0.841796875 0.4560546875 0.7587890625 0.328125 0.7490234375 0.330078125 0.6240234375 0.41015625 0.626953125 0.4267578125
6 0.35546875 0.6376953125 0.3603515625 0.642578125 0.5283203125 0.744140625 0.63671875 0.5712890625 0.4775390625 0.46875 0.4619140625 0.462890625 0.3564453125 0.62890625 0.35546875 0.6376953125
6 0.0400390625 0.755859375 0.259765625 0.7548828125 0.2587890625 0.533203125 0.0380859375 0.53515625 0.0400390625 0.755859375
6 0.626953125 0.8056640625 0.7822265625 0.958984375 0.7900390625 0.95703125 0.94140625 0.8037109375 0.7841796875 0.646484375 0.6279296875 0.80078125 0.626953125 0.8056640625
6 0.01953125 0.1787109375 0.1767578125 0.333984375 0.3359375 0.1748046875 0.1767578125 0.017578125 0.0205078125 0.173828125 0.01953125 0.1787109375