6 0.4658203125 0.8203125 0.4619140625 0.859375 0.4658203125 0.91796875 0.560546875 0.9169921875 0.5595703125 0.8203125 0.4658203125 0.8203125
6 0.8662109375 0.80078125 0.974609375 0.7783203125 0.9521484375 0.669921875 0.8466796875 0.689453125 0.8447265625 0.703125 0.861328125 0.7939453125 0.8662109375 0.80078125
6 0.751953125 0.9091796875 0.7451171875 0.939453125 0.8583984375 0.982421875 0.90234375 0.8681640625 0.7861328125 0.826171875 0.751953125 0.9091796875
6 0.779296875 0.8017578125 0.791015625 0.7783203125 0.6904296875 0.705078125 0.626953125 0.7880859375 0.6181640625 0.80859375 0.7177734375 0.880859375 0.779296875 0.8017578125
6 0.5927734375 0.734375 0.59375 0.5966796875 0.4580078125 0.59375 0.453125 0.6005859375 0.4541015625 0.72265625 0.4560546875 0.734375 0.5927734375 0.734375
6 0.2861328125 0.529296875 0.251953125 0.6357421875 0.2470703125 0.66796875 0.3623046875 0.703125 0.3837890625 0.705078125 0.388671875 0.7001953125 0.423828125 0.5693359375 0.4189453125 0.564453125 0.2861328125 0.529296875
6 0.2568359375 0.19921875 0.3662109375 0.29296875 0.453125 0.1943359375 0.4609375 0.1787109375 0.3662109375 0.095703125 0.3486328125 0.0859375 0.265625 0.1806640625 0.2568359375 0.19921875
6 0.841796875 0.5361328125 0.7177734375 0.455078125 0.7080078125 0.453125 0.626953125 0.5771484375 0.6259765625 0.587890625 0.7587890625 0.669921875 0.841796875 0.5361328125
6 0.3544921875 0.3671875 0.4619140625 0.537109375 0.4794921875 0.53125 0.638671875 0.4287109375 0.5283203125 0.25390625 0.3681640625 0.3515625 0.35546875 0.3603515625 0.3544921875 0.3671875
6 0.0380859375 0.462890625 0.0400390625 0.466796875 0.2568359375 0.466796875 0.26171875 0.4541015625 0.26171875 0.2509765625 0.2548828125 0.244140625 0.0400390625 0.244140625 0.0380859375 0.462890625
6 0.94140625 0.1962890625 0.7900390625 0.04296875 0.7822265625 0.041015625 0.626953125 0.1943359375 0.6279296875 0.201171875 0.7841796875 0.35546875 0.94140625 0.1962890625
6 0.3359375 0.8271484375 0.330078125 0.8154296875 0.1806640625 0.66796875 0.1669921875 0.673828125 0.0185546875 0.82421875 0.1748046875 0.982421875 0.3359375 0.8271484375