7 0.0634765625 0.921875 0.0498046875 0.904296875 0.046875 0.9072265625 0.046875 0.9287109375 0.02734375 0.9384765625 0.046875 0.9462890625 0.0498046875 0.970703125 0.0634765625 0.953125 0.0859375 0.9560546875 0.076171875 0.9384765625 0.0849609375 0.91796875 0.0634765625 0.921875
7 0.0771484375 0.212890625 0.0673828125 0.240234375 0.041015625 0.2451171875 0.06640625 0.2626953125 0.0654296875 0.2890625 0.0830078125 0.271484375 0.111328125 0.2802734375 0.1015625 0.2548828125 0.1181640625 0.234375 0.0927734375 0.236328125 0.0771484375 0.212890625
7 0.1181640625 0.06640625 0.111328125 0.1103515625 0.06640625 0.1240234375 0.109375 0.1416015625 0.1083984375 0.1875 0.1396484375 0.154296875 0.1845703125 0.169921875 0.16015625 0.1298828125 0.1884765625 0.08984375 0.1416015625 0.1015625 0.1181640625 0.06640625
7 0.9052734375 0.1953125 0.8701171875 0.2265625 0.8291015625 0.205078125 0.845703125 0.2490234375 0.810546875 0.2802734375 0.8583984375 0.279296875 0.8779296875 0.322265625 0.8935546875 0.275390625 0.9384765625 0.267578125 0.8984375 0.2431640625 0.9052734375 0.1953125
7 0.1240234375 0.484375 0.0927734375 0.529296875 0.037109375 0.5126953125 0.072265625 0.5556640625 0.041015625 0.6044921875 0.0927734375 0.5859375 0.1259765625 0.630859375 0.125 0.5751953125 0.1787109375 0.5546875 0.125 0.5361328125 0.1240234375 0.484375
7 0.5048828125 0.8359375 0.4892578125 0.888671875 0.4345703125 0.888671875 0.478515625 0.9208984375 0.46484375 0.9775390625 0.5068359375 0.943359375 0.5537109375 0.97265625 0.53515625 0.9208984375 0.5810546875 0.884765625 0.5244140625 0.88671875 0.5048828125 0.8359375
7 0.2314453125 0.845703125 0.2099609375 0.7890625 0.1884765625 0.84765625 0.125 0.8486328125 0.177734375 0.8876953125 0.1591796875 0.9453125 0.2080078125 0.91015625 0.2607421875 0.9453125 0.2421875 0.8876953125 0.2919921875 0.8515625 0.2919921875 0.845703125 0.2314453125 0.845703125
7 0.6904296875 0.11328125 0.662109375 0.0673828125 0.6484375 0.0556640625 0.646484375 0.1279296875 0.576171875 0.1474609375 0.642578125 0.1728515625 0.6416015625 0.25 0.6884765625 0.19140625 0.7578125 0.2177734375 0.71875 0.1533203125 0.7646484375 0.09375 0.6904296875 0.11328125
7 0.9326171875 0.84765625 0.85546875 0.7919921875 0.8828125 0.7119140625 0.8798828125 0.703125 0.8115234375 0.7578125 0.7998046875 0.755859375 0.7294921875 0.705078125 0.759765625 0.7958984375 0.68359375 0.8505859375 0.7783203125 0.849609375 0.8076171875 0.94140625 0.8369140625 0.849609375 0.9326171875 0.84765625
7 0.7431640625 0.28125 0.6748046875 0.408203125 0.53125 0.3798828125 0.63671875 0.4853515625 0.5634765625 0.61328125 0.6962890625 0.546875 0.7919921875 0.65234375 0.771484375 0.5087890625 0.9052734375 0.44921875 0.7578125 0.4248046875 0.7431640625 0.28125
7 0.6240234375 0.294921875 0.486328125 0.2197265625 0.5244140625 0.06640625 0.4072265625 0.171875 0.2763671875 0.0859375 0.27734375 0.0986328125 0.33984375 0.2294921875 0.216796875 0.3330078125 0.3779296875 0.314453125 0.423828125 0.4423828125 0.4345703125 0.45703125 0.4658203125 0.306640625 0.6240234375 0.294921875
7 0.4609375 0.6318359375 0.5341796875 0.4765625 0.3876953125 0.56640625 0.2626953125 0.44921875 0.3046875 0.6142578125 0.15234375 0.6982421875 0.3212890625 0.708984375 0.328125 0.7216796875 0.3564453125 0.87890625 0.4228515625 0.720703125 0.5927734375 0.744140625 0.4609375 0.6318359375