7 0.0537109375 0.046875 0.029296875 0.0498046875 0.046875 0.0634765625 0.0439453125 0.0859375 0.0615234375 0.076171875 0.08203125 0.0849609375 0.078125 0.0634765625 0.095703125 0.0498046875 0.0927734375 0.046875 0.0712890625 0.046875 0.0615234375 0.02734375 0.0537109375 0.046875
7 0.7109375 0.0654296875 0.728515625 0.0830078125 0.7197265625 0.111328125 0.7451171875 0.1015625 0.765625 0.1181640625 0.763671875 0.0927734375 0.787109375 0.0771484375 0.759765625 0.0673828125 0.7548828125 0.041015625 0.7373046875 0.06640625 0.7109375 0.0654296875
7 0.8125 0.1083984375 0.845703125 0.1396484375 0.830078125 0.1845703125 0.8701171875 0.16015625 0.91015625 0.1884765625 0.8984375 0.1416015625 0.93359375 0.1181640625 0.8896484375 0.111328125 0.8759765625 0.06640625 0.8583984375 0.109375 0.8125 0.1083984375
7 0.7197265625 0.810546875 0.720703125 0.8583984375 0.677734375 0.8779296875 0.724609375 0.8935546875 0.732421875 0.9384765625 0.7568359375 0.8984375 0.8046875 0.9052734375 0.7734375 0.8701171875 0.794921875 0.8291015625 0.7509765625 0.845703125 0.7197265625 0.810546875
7 0.3955078125 0.041015625 0.4140625 0.0927734375 0.369140625 0.1259765625 0.4248046875 0.125 0.4453125 0.1787109375 0.4638671875 0.125 0.515625 0.1240234375 0.470703125 0.0927734375 0.4873046875 0.037109375 0.4443359375 0.072265625 0.3955078125 0.041015625
7 0.0224609375 0.46484375 0.056640625 0.5068359375 0.02734375 0.5537109375 0.0791015625 0.53515625 0.115234375 0.5810546875 0.11328125 0.5244140625 0.1640625 0.5048828125 0.111328125 0.4892578125 0.111328125 0.4345703125 0.0791015625 0.478515625 0.0224609375 0.46484375
7 0.0546875 0.1591796875 0.08984375 0.2080078125 0.0546875 0.2607421875 0.1123046875 0.2421875 0.1484375 0.2919921875 0.154296875 0.2919921875 0.154296875 0.2314453125 0.2109375 0.2099609375 0.15234375 0.1884765625 0.1513671875 0.125 0.1123046875 0.177734375 0.0546875 0.1591796875
7 0.8271484375 0.642578125 0.75 0.6416015625 0.80859375 0.6884765625 0.7822265625 0.7578125 0.8466796875 0.71875 0.90625 0.7646484375 0.88671875 0.6904296875 0.9326171875 0.662109375 0.9443359375 0.6484375 0.8720703125 0.646484375 0.8525390625 0.576171875 0.8271484375 0.642578125
7 0.294921875 0.7294921875 0.2041015625 0.759765625 0.1494140625 0.68359375 0.150390625 0.7783203125 0.05859375 0.8076171875 0.150390625 0.8369140625 0.15234375 0.9326171875 0.2080078125 0.85546875 0.2880859375 0.8828125 0.296875 0.8798828125 0.2421875 0.8115234375 0.244140625 0.7998046875 0.294921875 0.7294921875
7 0.38671875 0.5634765625 0.453125 0.6962890625 0.34765625 0.7919921875 0.4912109375 0.771484375 0.55078125 0.9052734375 0.5751953125 0.7578125 0.71875 0.7431640625 0.591796875 0.6748046875 0.6201171875 0.53125 0.5146484375 0.63671875 0.38671875 0.5634765625
7 0.7705078125 0.33984375 0.6669921875 0.216796875 0.685546875 0.3779296875 0.5576171875 0.423828125 0.54296875 0.4345703125 0.693359375 0.4658203125 0.705078125 0.6240234375 0.7802734375 0.486328125 0.93359375 0.5244140625 0.828125 0.4072265625 0.9140625 0.2763671875 0.9013671875 0.27734375 0.7705078125 0.33984375
7 0.3017578125 0.15234375 0.291015625 0.3212890625 0.2783203125 0.328125 0.12109375 0.3564453125 0.279296875 0.4228515625 0.255859375 0.5927734375 0.3681640625 0.4609375 0.5234375 0.5341796875 0.43359375 0.3876953125 0.55078125 0.2626953125 0.3857421875 0.3046875 0.3017578125 0.15234375