8 0.10546875 0.0986328125 0.0380859375 0.0546875 0.03125 0.1064453125 0.03125 0.1376953125 0.037109375 0.1376953125 0.10546875 0.0986328125
8 0.76171875 0.1396484375 0.7939453125 0.16015625 0.9140625 0.2138671875 0.8974609375 0.048828125 0.76171875 0.1396484375
8 0.291015625 0.2998046875 0.1533203125 0.12109375 0.146484375 0.1259765625 0.06640625 0.3310546875 0.08203125 0.3330078125 0.291015625 0.2998046875
8 0.33984375 0.2216796875 0.3623046875 0.236328125 0.615234375 0.3388671875 0.5771484375 0.04296875 0.33984375 0.2216796875
8 0.8310546875 0.28515625 0.84765625 0.3232421875 0.88671875 0.3837890625 0.94140625 0.2900390625 0.8310546875 0.28515625
8 0.9296875 0.5751953125 0.8212890625 0.53125 0.83203125 0.6376953125 0.833984375 0.6474609375 0.83984375 0.6474609375 0.9296875 0.5751953125
8 0.78125 0.6416015625 0.7763671875 0.35546875 0.529296875 0.5009765625 0.78125 0.6416015625
8 0.4912109375 0.345703125 0.23046875 0.3759765625 0.38671875 0.5888671875 0.48828125 0.3642578125 0.4912109375 0.345703125
8 0.08203125 0.6826171875 0.333984375 0.6298828125 0.326171875 0.6142578125 0.1591796875 0.42578125 0.15234375 0.4326171875 0.068359375 0.6806640625 0.08203125 0.6826171875
8 0.369140625 0.8994140625 0.494140625 0.7236328125 0.2783203125 0.701171875 0.369140625 0.8994140625
8 0.04296875 0.9306640625 0.267578125 0.9052734375 0.1318359375 0.71484375 0.044921875 0.9052734375 0.037109375 0.9248046875 0.037109375 0.9306640625 0.04296875 0.9306640625
8 0.638671875 0.8857421875 0.5751953125 0.7265625 0.470703125 0.8623046875 0.638671875 0.8857421875
8 0.818359375 0.9443359375 0.9326171875 0.80859375 0.755859375 0.7802734375 0.818359375 0.9443359375