8 0.8623046875 0.96875 0.8935546875 0.96875 0.9453125 0.9619140625 0.9013671875 0.89453125 0.8623046875 0.962890625 0.8623046875 0.96875
8 0.83984375 0.2060546875 0.8603515625 0.23828125 0.951171875 0.1025390625 0.7861328125 0.0859375 0.83984375 0.2060546875
8 0.6689453125 0.93359375 0.8740234375 0.853515625 0.87890625 0.8466796875 0.7001953125 0.708984375 0.6669921875 0.91796875 0.6689453125 0.93359375
8 0.763671875 0.6376953125 0.7783203125 0.66015625 0.95703125 0.4228515625 0.6611328125 0.384765625 0.763671875 0.6376953125
8 0.6767578125 0.15234375 0.71484375 0.1689453125 0.7099609375 0.05859375 0.6162109375 0.11328125 0.6767578125 0.15234375
8 0.3525390625 0.166015625 0.3623046875 0.16796875 0.46875 0.1787109375 0.4248046875 0.0703125 0.3525390625 0.16015625 0.3525390625 0.166015625
8 0.4990234375 0.470703125 0.64453125 0.2236328125 0.3583984375 0.21875 0.4990234375 0.470703125
8 0.6240234375 0.76953125 0.654296875 0.5087890625 0.6357421875 0.51171875 0.4111328125 0.61328125 0.6240234375 0.76953125
8 0.3193359375 0.931640625 0.5673828125 0.84765625 0.57421875 0.8408203125 0.3857421875 0.673828125 0.3701171875 0.666015625 0.3173828125 0.91796875 0.3193359375 0.931640625
8 0.298828125 0.7216796875 0.2763671875 0.505859375 0.1005859375 0.630859375 0.298828125 0.7216796875
8 0.0693359375 0.962890625 0.0751953125 0.962890625 0.0947265625 0.955078125 0.28515625 0.8681640625 0.0947265625 0.732421875 0.0693359375 0.95703125 0.0693359375 0.962890625
8 0.1376953125 0.529296875 0.2734375 0.4248046875 0.1142578125 0.361328125 0.1376953125 0.529296875
8 0.2197265625 0.244140625 0.19140625 0.0673828125 0.0556640625 0.181640625 0.2197265625 0.244140625