8 0.390625 0.1103515625 0.2841796875 0.052734375 0.28515625 0.1767578125 0.3876953125 0.12109375 0.390625 0.1103515625
8 0.54296875 0.1845703125 0.65625 0.1689453125 0.654296875 0.1591796875 0.5771484375 0.060546875 0.568359375 0.0693359375 0.521484375 0.1826171875 0.54296875 0.1845703125
8 0.220703125 0.0908203125 0.2177734375 0.080078125 0.041015625 0.0986328125 0.12890625 0.2314453125 0.14453125 0.2451171875 0.220703125 0.0908203125
8 0.953125 0.1845703125 0.8095703125 0.0625 0.80078125 0.0810546875 0.7734375 0.2373046875 0.779296875 0.2470703125 0.953125 0.1845703125
8 0.646484375 0.2177734375 0.3486328125 0.21875 0.484375 0.4501953125 0.498046875 0.4716796875 0.505859375 0.4736328125 0.646484375 0.2177734375
8 0.865234375 0.5341796875 0.8896484375 0.35546875 0.720703125 0.4208984375 0.865234375 0.5341796875
8 0.90625 0.6318359375 0.7216796875 0.49609375 0.697265625 0.7138671875 0.697265625 0.7255859375 0.705078125 0.7255859375 0.90625 0.6318359375
8 0.2265625 0.6689453125 0.34765625 0.3798828125 0.0361328125 0.41796875 0.2265625 0.6689453125
8 0.3447265625 0.501953125 0.37109375 0.7705078125 0.376953125 0.7724609375 0.59375 0.6123046875 0.3447265625 0.501953125
8 0.1005859375 0.888671875 0.046875 0.9658203125 0.142578125 0.9716796875 0.138671875 0.9541015625 0.1005859375 0.888671875
8 0.3056640625 0.703125 0.2880859375 0.7109375 0.115234375 0.8466796875 0.1298828125 0.859375 0.33984375 0.9384765625 0.3056640625 0.703125
8 0.708984375 0.8681640625 0.7138671875 0.875 0.935546875 0.9677734375 0.9072265625 0.7265625 0.708984375 0.8681640625
8 0.685546875 0.9013671875 0.640625 0.6806640625 0.6298828125 0.65625 0.419921875 0.8447265625 0.6875 0.9365234375 0.685546875 0.9013671875