8 0.1435546875 0.974609375 0.1435546875 0.966796875 0.1005859375 0.88671875 0.046875 0.9658203125 0.1259765625 0.974609375 0.1435546875 0.974609375
8 0.28125 0.1748046875 0.3779296875 0.125 0.3876953125 0.11328125 0.2880859375 0.056640625 0.28125 0.1748046875
8 0.5234375 0.1845703125 0.6435546875 0.171875 0.6552734375 0.166015625 0.5751953125 0.064453125 0.5234375 0.1845703125
8 0.1416015625 0.2421875 0.2197265625 0.08203125 0.04296875 0.0986328125 0.1416015625 0.2421875
8 0.8642578125 0.53515625 0.8876953125 0.357421875 0.720703125 0.4248046875 0.8642578125 0.53515625
8 0.7734375 0.2470703125 0.9423828125 0.19140625 0.9501953125 0.18359375 0.8076171875 0.06640625 0.7734375 0.2470703125
8 0.8955078125 0.638671875 0.9013671875 0.62890625 0.7197265625 0.5 0.697265625 0.7275390625 0.8447265625 0.6640625 0.8955078125 0.638671875
8 0.9306640625 0.96875 0.9326171875 0.96484375 0.9072265625 0.728515625 0.70703125 0.8701171875 0.9013671875 0.95703125 0.9306640625 0.96875
8 0.3369140625 0.94140625 0.3388671875 0.919921875 0.3056640625 0.701171875 0.11328125 0.8486328125 0.1279296875 0.859375 0.3369140625 0.94140625
8 0.37109375 0.7763671875 0.5947265625 0.611328125 0.3447265625 0.5 0.37109375 0.7763671875
8 0.416015625 0.8427734375 0.4228515625 0.849609375 0.6572265625 0.9296875 0.6826171875 0.9375 0.6904296875 0.93359375 0.6318359375 0.658203125 0.416015625 0.8427734375
8 0.5029296875 0.4765625 0.6474609375 0.21484375 0.4072265625 0.216796875 0.3505859375 0.21875 0.34765625 0.2236328125 0.5029296875 0.4765625
8 0.2255859375 0.66796875 0.3466796875 0.380859375 0.0634765625 0.4140625 0.0380859375 0.41796875 0.037109375 0.4228515625 0.2255859375 0.66796875