8 0.607421875 0.1123046875 0.6123046875 0.123046875 0.71875 0.1787109375 0.7158203125 0.05078125 0.607421875 0.1123046875
8 0.43359375 0.0712890625 0.4228515625 0.05859375 0.34375 0.1591796875 0.341796875 0.1689453125 0.478515625 0.1865234375 0.43359375 0.0712890625
8 0.7783203125 0.08203125 0.845703125 0.2333984375 0.859375 0.2470703125 0.958984375 0.0966796875 0.7783203125 0.08203125
8 0.138671875 0.5341796875 0.2607421875 0.44140625 0.279296875 0.4208984375 0.1103515625 0.35546875 0.12890625 0.5146484375 0.1328125 0.5341796875 0.138671875 0.5341796875
8 0.220703125 0.2470703125 0.224609375 0.2314453125 0.21875 0.1923828125 0.1953125 0.0654296875 0.1904296875 0.0625 0.046875 0.1865234375 0.220703125 0.2470703125
8 0.6552734375 0.5 0.40234375 0.6123046875 0.62890625 0.7763671875 0.65234375 0.5771484375 0.6552734375 0.5
8 0.654296875 0.2197265625 0.3505859375 0.21484375 0.3515625 0.2255859375 0.486328125 0.4677734375 0.5 0.4794921875 0.654296875 0.2197265625
8 0.77734375 0.6689453125 0.96484375 0.4189453125 0.6533203125 0.37890625 0.658203125 0.4033203125 0.755859375 0.6337890625 0.76953125 0.6650390625 0.77734375 0.6689453125
8 0.296875 0.7216796875 0.2763671875 0.50390625 0.1015625 0.6318359375 0.296875 0.7216796875
8 0.28515625 0.8701171875 0.0966796875 0.728515625 0.068359375 0.9541015625 0.068359375 0.9619140625 0.076171875 0.9619140625 0.28515625 0.8701171875
8 0.314453125 0.9384765625 0.583984375 0.8466796875 0.3701171875 0.654296875 0.36328125 0.6572265625 0.30859375 0.9287109375 0.30859375 0.9384765625 0.314453125 0.9384765625
8 0.66796875 0.9326171875 0.8564453125 0.859375 0.875 0.8466796875 0.7021484375 0.708984375 0.6953125 0.7119140625 0.6640625 0.9267578125 0.66796875 0.9326171875
8 0.955078125 0.9677734375 0.9013671875 0.884765625 0.853515625 0.9677734375 0.8544921875 0.974609375 0.890625 0.9736328125 0.955078125 0.9677734375