8 0.1435546875 0.025390625 0.1259765625 0.025390625 0.046875 0.0341796875 0.1005859375 0.11328125 0.1435546875 0.033203125 0.1435546875 0.025390625
8 0.3779296875 0.875 0.28125 0.8251953125 0.2880859375 0.943359375 0.3876953125 0.88671875 0.3779296875 0.875
8 0.6435546875 0.828125 0.5234375 0.8154296875 0.5751953125 0.935546875 0.6552734375 0.833984375 0.6435546875 0.828125
8 0.1416015625 0.7578125 0.04296875 0.9013671875 0.2197265625 0.91796875 0.1416015625 0.7578125
8 0.8642578125 0.46484375 0.720703125 0.5751953125 0.8876953125 0.642578125 0.8642578125 0.46484375
8 0.9423828125 0.80859375 0.7734375 0.7529296875 0.8076171875 0.93359375 0.9501953125 0.81640625 0.9423828125 0.80859375
8 0.8955078125 0.361328125 0.8447265625 0.3359375 0.697265625 0.2724609375 0.7197265625 0.5 0.9013671875 0.37109375 0.8955078125 0.361328125
8 0.9306640625 0.03125 0.9013671875 0.04296875 0.70703125 0.1298828125 0.9072265625 0.271484375 0.9326171875 0.03515625 0.9306640625 0.03125
8 0.3369140625 0.05859375 0.1279296875 0.140625 0.11328125 0.1513671875 0.3056640625 0.298828125 0.3388671875 0.080078125 0.3369140625 0.05859375
8 0.37109375 0.2236328125 0.3447265625 0.5 0.5947265625 0.388671875 0.37109375 0.2236328125
8 0.6826171875 0.0625 0.6572265625 0.0703125 0.4228515625 0.150390625 0.416015625 0.1572265625 0.6318359375 0.341796875 0.6904296875 0.06640625 0.6826171875 0.0625
8 0.5029296875 0.5234375 0.34765625 0.7763671875 0.3505859375 0.78125 0.4072265625 0.783203125 0.6474609375 0.78515625 0.5029296875 0.5234375
8 0.2255859375 0.33203125 0.037109375 0.5771484375 0.0380859375 0.58203125 0.0634765625 0.5859375 0.3466796875 0.619140625 0.2255859375 0.33203125