8 0.8896484375 0.390625 0.947265625 0.2841796875 0.8232421875 0.28515625 0.87890625 0.3876953125 0.8896484375 0.390625
8 0.8408203125 0.654296875 0.939453125 0.5771484375 0.9306640625 0.568359375 0.8173828125 0.521484375 0.8154296875 0.54296875 0.8310546875 0.65625 0.8408203125 0.654296875
8 0.7685546875 0.12890625 0.7548828125 0.14453125 0.9091796875 0.220703125 0.919921875 0.2177734375 0.9013671875 0.041015625 0.7685546875 0.12890625
8 0.7626953125 0.7734375 0.7529296875 0.779296875 0.8154296875 0.953125 0.9375 0.8095703125 0.9189453125 0.80078125 0.7626953125 0.7734375
8 0.5283203125 0.498046875 0.5263671875 0.505859375 0.7822265625 0.646484375 0.78125 0.3486328125 0.5498046875 0.484375 0.5283203125 0.498046875
8 0.5791015625 0.720703125 0.4658203125 0.865234375 0.64453125 0.8896484375 0.5791015625 0.720703125
8 0.2744140625 0.697265625 0.2744140625 0.705078125 0.3681640625 0.90625 0.50390625 0.7216796875 0.2861328125 0.697265625 0.2744140625 0.697265625
8 0.58203125 0.0361328125 0.3310546875 0.2265625 0.6201171875 0.34765625 0.58203125 0.0361328125
8 0.498046875 0.3447265625 0.2294921875 0.37109375 0.2275390625 0.376953125 0.3876953125 0.59375 0.498046875 0.3447265625
8 0.111328125 0.1005859375 0.0341796875 0.046875 0.0283203125 0.142578125 0.0458984375 0.138671875 0.111328125 0.1005859375
8 0.140625 0.1298828125 0.0615234375 0.33984375 0.296875 0.3056640625 0.2890625 0.2880859375 0.1533203125 0.115234375 0.140625 0.1298828125
8 0.1318359375 0.708984375 0.125 0.7138671875 0.0322265625 0.935546875 0.2734375 0.9072265625 0.1318359375 0.708984375
8 0.1552734375 0.419921875 0.0634765625 0.6875 0.0986328125 0.685546875 0.3193359375 0.640625 0.34375 0.6298828125 0.1552734375 0.419921875