8 0.1787109375 0.28125 0.05078125 0.2841796875 0.1123046875 0.392578125 0.123046875 0.3876953125 0.1787109375 0.28125
8 0.05859375 0.5771484375 0.1591796875 0.65625 0.1689453125 0.658203125 0.1865234375 0.521484375 0.0712890625 0.56640625 0.05859375 0.5771484375
8 0.2470703125 0.140625 0.0966796875 0.041015625 0.08203125 0.2216796875 0.2333984375 0.154296875 0.2470703125 0.140625
8 0.5341796875 0.861328125 0.44140625 0.7392578125 0.4208984375 0.720703125 0.35546875 0.8896484375 0.5146484375 0.87109375 0.5341796875 0.8671875 0.5341796875 0.861328125
8 0.2470703125 0.779296875 0.2314453125 0.775390625 0.1923828125 0.78125 0.0654296875 0.8046875 0.0625 0.8095703125 0.1865234375 0.953125 0.2470703125 0.779296875
8 0.7763671875 0.37109375 0.5771484375 0.34765625 0.5 0.3447265625 0.6123046875 0.59765625 0.7763671875 0.37109375
8 0.21484375 0.6494140625 0.2255859375 0.6484375 0.4677734375 0.513671875 0.4794921875 0.5 0.2197265625 0.345703125 0.21484375 0.6494140625
8 0.6689453125 0.22265625 0.4189453125 0.03515625 0.37890625 0.3466796875 0.4033203125 0.341796875 0.6337890625 0.244140625 0.6650390625 0.23046875 0.6689453125 0.22265625
8 0.7216796875 0.703125 0.50390625 0.7236328125 0.6318359375 0.8984375 0.7216796875 0.703125
8 0.728515625 0.9033203125 0.9541015625 0.931640625 0.9619140625 0.931640625 0.9619140625 0.923828125 0.8701171875 0.71484375 0.728515625 0.9033203125
8 0.9384765625 0.685546875 0.8466796875 0.416015625 0.654296875 0.6298828125 0.6572265625 0.63671875 0.9287109375 0.69140625 0.9384765625 0.69140625 0.9384765625 0.685546875
8 0.9326171875 0.33203125 0.859375 0.1435546875 0.8466796875 0.125 0.708984375 0.2978515625 0.7119140625 0.3046875 0.9267578125 0.3359375 0.9326171875 0.33203125
8 0.884765625 0.0986328125 0.9677734375 0.146484375 0.974609375 0.1455078125 0.9736328125 0.109375 0.9677734375 0.044921875 0.884765625 0.0986328125